0,1,0 | 4,11,4 | S= | I=(0,0);(0,1);(2,2) | sp= | ip=1,1,882
0,1,0 | 6,22,4 | S= | I=(0,0);(0,1);(2,2) | sp= | ip=1,882,1
0,1,0 | 6,22,4 | S= | I=(0,0);(0,1);(2,2) | sp= | ip=882,1,1
0,1,0 | 6,22,6 | S= | I=(0,0);(0,1);(2,2) | sp= | ip=1,882,883
0,1,0 | 6,22,6 | S= | I=(0,0);(0,1);(2,2) | sp= | ip=882,1,883
0,1,0 | 6,32,4 | S= | I=(0,0);(0,1);(2,2) | sp= | ip=1,1,1
0,1,0 | 6,33,6 | S= | I=(0,0);(0,1);(2,2) | sp= | ip=1,1,882
0,1,0 | 6,33,7 | S= | I=(0,0);(0,1);(2,2) | sp= | ip=1,1,883
0,1,0 | 6,331,6 | S= | I=(0,0);(0,1);(2,2) | sp= | ip=1,1,882
0,1,0 | 6,34,6 | S= | I=(0,0);(0,1);(2,2) | sp= | ip=1,1,1
0,1,0 | 6,34,7 | S= | I=(0,0);(0,1);(2,2) | sp= | ip=1,1,882
0,1,0 | 6,34,8 | S= | I=(0,0);(0,1);(2,2) | sp= | ip=1,1,883
0,1,0 | 6,35,7 | S= | I=(0,0);(0,1);(2,2) | sp= | ip=1,1,1
0,1,0 | 6,35,8 | S= | I=(0,0);(0,1);(2,2) | sp= | ip=1,1,882
0,1,0 | 7,32,4 | S= | I=(0,0);(0,1);(2,2) | sp= | ip=1,882,1
0,1,0 | 7,32,4 | S= | I=(0,0);(0,1);(2,2) | sp= | ip=882,1,1
0,1,0 | 7,33,6 | S= | I=(0,0);(0,1);(2,2) | sp= | ip=1,882,882
0,1,0 | 7,33,6 | S= | I=(0,0);(0,1);(2,2) | sp= | ip=882,1,882
0,1,0 | 7,33,7 | S= | I=(0,0);(0,1);(2,2) | sp= | ip=1,882,883
0,1,0 | 7,33,7 | S= | I=(0,0);(0,1);(2,2) | sp= | ip=882,1,883
0,1,0 | 7,42,4 | S= | I=(0,0);(0,1);(2,2) | sp= | ip=1,1,1
0,1,0 | 7,43,6 | S= | I=(0,0);(0,1);(2,2) | sp= | ip=1,1,882
0,1,0 | 7,44,6 | S= | I=(0,0);(0,1);(2,2) | sp= | ip=1,1,1
0,1,0 | 7,44,7 | S= | I=(0,0);(0,1);(2,2) | sp= | ip=1,1,882
0,1,0 | 7,44,8 | S= | I=(0,0);(0,1);(2,2) | sp= | ip=1,1,883
0,1,0 | 7,45,7 | S= | I=(0,0);(0,1);(2,2) | sp= | ip=1,1,1
0,1,0 | 7,45,8 | S= | I=(0,0);(0,1);(2,2) | sp= | ip=1,1,882
0,1,0 | 8,32,4 | S= | I=(0,0);(0,1);(2,2) | sp= | ip=1,883,1
0,1,0 | 8,32,4 | S= | I=(0,0);(0,1);(2,2) | sp= | ip=882,882,1
0,1,0 | 8,32,4 | S= | I=(0,0);(0,1);(2,2) | sp= | ip=883,1,1
0,1,0 | 8,33,6 | S= | I=(0,0);(0,1);(2,2) | sp= | ip=1,883,882
0,1,0 | 8,33,6 | S= | I=(0,0);(0,1);(2,2) | sp= | ip=882,882,882
0,1,0 | 8,33,6 | S= | I=(0,0);(0,1);(2,2) | sp= | ip=883,1,882
0,1,0 | 8,33,7 | S= | I=(0,0);(0,1);(2,2) | sp= | ip=1,883,883
0,1,0 | 8,33,7 | S= | I=(0,0);(0,1);(2,2) | sp= | ip=882,882,883
0,1,0 | 8,33,7 | S= | I=(0,0);(0,1);(2,2) | sp= | ip=883,1,883
0,1,0 | 8,42,4 | S= | I=(0,0);(0,1);(2,2) | sp= | ip=1,882,1
0,1,0 | 8,42,4 | S= | I=(0,0);(0,1);(2,2) | sp= | ip=882,1,1
0,1,0 | 8,43,6 | S= | I=(0,0);(0,1);(2,2) | sp= | ip=1,882,882
0,1,0 | 8,43,6 | S= | I=(0,0);(0,1);(2,2) | sp= | ip=882,1,882
0,1,0 | 8,44,6 | S= | I=(0,0);(0,1);(2,2) | sp= | ip=1,882,1
0,1,0 | 8,44,6 | S= | I=(0,0);(0,1);(2,2) | sp= | ip=882,1,1
0,1,0 | 8,44,7 | S= | I=(0,0);(0,1);(2,2) | sp= | ip=1,882,882
0,1,0 | 8,44,7 | S= | I=(0,0);(0,1);(2,2) | sp= | ip=882,1,882
0,1,0 | 8,44,8 | S= | I=(0,0);(0,1);(2,2) | sp= | ip=1,882,883
0,1,0 | 8,44,8 | S= | I=(0,0);(0,1);(2,2) | sp= | ip=882,1,883
0,1,0 | 8,53,6 | S= | I=(0,0);(0,1);(2,2) | sp= | ip=1,1,882
0,1,0 | 8,54,6 | S= | I=(0,0);(0,1);(2,2) | sp= | ip=1,1,1
0,1,0 | 8,54,7 | S= | I=(0,0);(0,1);(2,2) | sp= | ip=1,1,882
0,1,0 | 8,54,8 | S= | I=(0,0);(0,1);(2,2) | sp= | ip=1,1,883
0,1,0 | 8,45,7 | S= | I=(0,0);(0,1);(2,2) | sp= | ip=1,882,1
0,1,0 | 8,45,7 | S= | I=(0,0);(0,1);(2,2) | sp= | ip=882,1,1
0,1,0 | 8,45,8 | S= | I=(0,0);(0,1);(2,2) | sp= | ip=1,882,882
0,1,0 | 8,45,8 | S= | I=(0,0);(0,1);(2,2) | sp= | ip=882,1,882
0,1,0 | 8,55,7 | S= | I=(0,0);(0,1);(2,2) | sp= | ip=1,1,1
0,1,0 | 8,55,8 | S= | I=(0,0);(0,1);(2,2) | sp= | ip=1,1,882
0,1,0 | 12,53,6 | S= | I=(0,0);(0,1);(2,2) | sp= | ip=883,883,882
0,1,0 | 12,54,6 | S= | I=(0,0);(0,1);(2,2) | sp= | ip=883,883,1
0,1,0 | 12,54,7 | S= | I=(0,0);(0,1);(2,2) | sp= | ip=883,883,882
0,1,0 | 12,54,8 | S= | I=(0,0);(0,1);(2,2) | sp= | ip=883,883,883
0,1,0 | 12,55,7 | S= | I=(0,0);(0,1);(2,2) | sp= | ip=883,883,1
0,1,0 | 12,55,8 | S= | I=(0,0);(0,1);(2,2) | sp= | ip=883,883,882
