0 | 4 | S=(0,0);(0,1);(0,2) | I=(0,0) | sp=1,1,1 | ip=1
0 | 6 | S=(0,0);(0,1);(0,2) | I=(0,0) | sp=1,1,23 | ip=1
0 | 6 | S=(0,0);(0,1);(0,2) | I=(0,0) | sp=1,1,33 | ip=1
0 | 6 | S=(0,0);(0,1);(0,2) | I=(0,0) | sp=1,1,43 | ip=1
0 | 6 | S=(0,0);(0,1);(0,2) | I=(0,0) | sp=1,1,53 | ip=1
0 | 6 | S=(0,0);(0,1);(0,2) | I=(0,0) | sp=1,1,331 | ip=1
0 | 6 | S=(0,0);(0,1);(0,2) | I=(0,0) | sp=1,1,1 | ip=883
0 | 6 | S=(0,0);(0,1);(0,2) | I=(0,0) | sp=1,1,915 | ip=1
0 | 6 | S=(0,0);(0,1);(0,2) | I=(0,0) | sp=1,1,943 | ip=1
0 | 6 | S=(0,0);(0,1);(0,2) | I=(0,0) | sp=1,1,99910 | ip=1
0 | 6 | S=(0,0);(0,1);(0,2) | I=(0,0) | sp=1,22,22 | ip=1
0 | 6 | S=(0,0);(0,1);(0,2) | I=(0,0) | sp=1,1,22 | ip=882
0 | 6 | S=(0,0);(0,1);(0,2) | I=(0,0) | sp=1,97,912 | ip=1
0 | 6 | S=(0,0);(0,1);(0,2) | I=(0,0) | sp=1,1,882 | ip=882
0 | 6 | S=(0,0);(0,1);(0,2) | I=(0,0) | sp=22,912,912 | ip=1
0 | 6 | S=(0,0);(0,1);(0,2) | I=(0,0) | sp=1,912,912 | ip=882
0 | 7 | S=(0,0);(0,1);(0,2) | I=(0,0) | sp=1,1,24 | ip=1
0 | 7 | S=(0,0);(0,1);(0,2) | I=(0,0) | sp=1,1,34 | ip=1
0 | 7 | S=(0,0);(0,1);(0,2) | I=(0,0) | sp=1,1,44 | ip=1
0 | 7 | S=(0,0);(0,1);(0,2) | I=(0,0) | sp=1,1,54 | ip=1
0 | 7 | S=(0,0);(0,1);(0,2) | I=(0,0) | sp=1,1,884 | ip=1
0 | 7 | S=(0,0);(0,1);(0,2) | I=(0,0) | sp=1,1,911 | ip=1
0 | 7 | S=(0,0);(0,1);(0,2) | I=(0,0) | sp=1,1,944 | ip=1
0 | 7 | S=(0,0);(0,1);(0,2) | I=(0,0) | sp=1,1,993 | ip=1
0 | 7 | S=(0,0);(0,1);(0,2) | I=(0,0) | sp=1,1,9914 | ip=1
0 | 7 | S=(0,0);(0,1);(0,2) | I=(0,0) | sp=1,1,99920 | ip=1
0 | 7 | S=(0,0);(0,1);(0,2) | I=(0,0) | sp=1,1,23 | ip=882
0 | 7 | S=(0,0);(0,1);(0,2) | I=(0,0) | sp=1,1,33 | ip=882
0 | 7 | S=(0,0);(0,1);(0,2) | I=(0,0) | sp=1,97,97 | ip=1
0 | 7 | S=(0,0);(0,1);(0,2) | I=(0,0) | sp=1,1,882 | ip=883
0 | 7 | S=(0,0);(0,1);(0,2) | I=(0,0) | sp=1,882,882 | ip=882
0 | 8 | S=(0,0);(0,1);(0,2) | I=(0,0) | sp=1,1,35 | ip=1
0 | 8 | S=(0,0);(0,1);(0,2) | I=(0,0) | sp=1,1,45 | ip=1
0 | 8 | S=(0,0);(0,1);(0,2) | I=(0,0) | sp=1,1,55 | ip=1
0 | 8 | S=(0,0);(0,1);(0,2) | I=(0,0) | sp=1,1,96 | ip=1
0 | 8 | S=(0,0);(0,1);(0,2) | I=(0,0) | sp=1,1,99 | ip=1
0 | 8 | S=(0,0);(0,1);(0,2) | I=(0,0) | sp=1,1,885 | ip=1
0 | 8 | S=(0,0);(0,1);(0,2) | I=(0,0) | sp=1,1,926 | ip=1
0 | 8 | S=(0,0);(0,1);(0,2) | I=(0,0) | sp=1,1,933 | ip=1
0 | 8 | S=(0,0);(0,1);(0,2) | I=(0,0) | sp=1,1,945 | ip=1
0 | 8 | S=(0,0);(0,1);(0,2) | I=(0,0) | sp=1,1,951 | ip=1
0 | 8 | S=(0,0);(0,1);(0,2) | I=(0,0) | sp=1,1,995 | ip=1
0 | 8 | S=(0,0);(0,1);(0,2) | I=(0,0) | sp=1,1,9916 | ip=1
0 | 8 | S=(0,0);(0,1);(0,2) | I=(0,0) | sp=1,1,99930 | ip=1
0 | 8 | S=(0,0);(0,1);(0,2) | I=(0,0) | sp=1,23,23 | ip=1
0 | 8 | S=(0,0);(0,1);(0,2) | I=(0,0) | sp=1,23,33 | ip=1
0 | 8 | S=(0,0);(0,1);(0,2) | I=(0,0) | sp=1,1,23 | ip=883
0 | 8 | S=(0,0);(0,1);(0,2) | I=(0,0) | sp=1,1,24 | ip=882
0 | 8 | S=(0,0);(0,1);(0,2) | I=(0,0) | sp=1,33,33 | ip=1
0 | 8 | S=(0,0);(0,1);(0,2) | I=(0,0) | sp=1,1,33 | ip=883
0 | 8 | S=(0,0);(0,1);(0,2) | I=(0,0) | sp=1,1,34 | ip=882
0 | 8 | S=(0,0);(0,1);(0,2) | I=(0,0) | sp=1,1,44 | ip=882
0 | 8 | S=(0,0);(0,1);(0,2) | I=(0,0) | sp=1,1,54 | ip=882
0 | 8 | S=(0,0);(0,1);(0,2) | I=(0,0) | sp=1,93,97 | ip=1
0 | 8 | S=(0,0);(0,1);(0,2) | I=(0,0) | sp=1,97,925 | ip=1
0 | 8 | S=(0,0);(0,1);(0,2) | I=(0,0) | sp=1,97,9913 | ip=1
0 | 8 | S=(0,0);(0,1);(0,2) | I=(0,0) | sp=1,98,924 | ip=1
0 | 8 | S=(0,0);(0,1);(0,2) | I=(0,0) | sp=1,1,884 | ip=882
0 | 8 | S=(0,0);(0,1);(0,2) | I=(0,0) | sp=1,1,911 | ip=882
0 | 8 | S=(0,0);(0,1);(0,2) | I=(0,0) | sp=1,1,944 | ip=882
0 | 8 | S=(0,0);(0,1);(0,2) | I=(0,0) | sp=1,1,993 | ip=882
0 | 8 | S=(0,0);(0,1);(0,2) | I=(0,0) | sp=1,1,9914 | ip=882
0 | 8 | S=(0,0);(0,1);(0,2) | I=(0,0) | sp=1,1,99920 | ip=882
0 | 8 | S=(0,0);(0,1);(0,2) | I=(0,0) | sp=1,1,883 | ip=883
0 | 8 | S=(0,0);(0,1);(0,2) | I=(0,0) | sp=1,882,23 | ip=882
0 | 8 | S=(0,0);(0,1);(0,2) | I=(0,0) | sp=1,882,33 | ip=882
0 | 8 | S=(0,0);(0,1);(0,2) | I=(0,0) | sp=1,97,97 | ip=882
0 | 8 | S=(0,0);(0,1);(0,2) | I=(0,0) | sp=1,882,882 | ip=883
0 | 8 | S=(0,0);(0,1);(0,2) | I=(0,0) | sp=882,882,882 | ip=882
0 | 12 | S=(0,0);(0,1);(0,2) | I=(0,0) | sp=1,1,889 | ip=1
0 | 12 | S=(0,0);(0,1);(0,2) | I=(0,0) | sp=1,1,949 | ip=1
0 | 12 | S=(0,0);(0,1);(0,2) | I=(0,0) | sp=1,24,94 | ip=1
0 | 12 | S=(0,0);(0,1);(0,2) | I=(0,0) | sp=1,886,24 | ip=1
0 | 12 | S=(0,0);(0,1);(0,2) | I=(0,0) | sp=1,24,919 | ip=1
0 | 12 | S=(0,0);(0,1);(0,2) | I=(0,0) | sp=1,24,946 | ip=1
0 | 12 | S=(0,0);(0,1);(0,2) | I=(0,0) | sp=1,24,996 | ip=1
0 | 12 | S=(0,0);(0,1);(0,2) | I=(0,0) | sp=1,24,9915 | ip=1
0 | 12 | S=(0,0);(0,1);(0,2) | I=(0,0) | sp=1,35,35 | ip=1
0 | 12 | S=(0,0);(0,1);(0,2) | I=(0,0) | sp=1,35,45 | ip=1
0 | 12 | S=(0,0);(0,1);(0,2) | I=(0,0) | sp=1,35,55 | ip=1
0 | 12 | S=(0,0);(0,1);(0,2) | I=(0,0) | sp=1,96,35 | ip=1
0 | 12 | S=(0,0);(0,1);(0,2) | I=(0,0) | sp=1,885,35 | ip=1
0 | 12 | S=(0,0);(0,1);(0,2) | I=(0,0) | sp=1,35,945 | ip=1
0 | 12 | S=(0,0);(0,1);(0,2) | I=(0,0) | sp=1,35,99930 | ip=1
0 | 12 | S=(0,0);(0,1);(0,2) | I=(0,0) | sp=1,45,45 | ip=1
0 | 12 | S=(0,0);(0,1);(0,2) | I=(0,0) | sp=1,45,55 | ip=1
0 | 12 | S=(0,0);(0,1);(0,2) | I=(0,0) | sp=1,96,45 | ip=1
0 | 12 | S=(0,0);(0,1);(0,2) | I=(0,0) | sp=1,885,45 | ip=1
0 | 12 | S=(0,0);(0,1);(0,2) | I=(0,0) | sp=1,45,945 | ip=1
0 | 12 | S=(0,0);(0,1);(0,2) | I=(0,0) | sp=1,45,99930 | ip=1
0 | 12 | S=(0,0);(0,1);(0,2) | I=(0,0) | sp=1,55,55 | ip=1
0 | 12 | S=(0,0);(0,1);(0,2) | I=(0,0) | sp=1,96,55 | ip=1
0 | 12 | S=(0,0);(0,1);(0,2) | I=(0,0) | sp=1,885,55 | ip=1
0 | 12 | S=(0,0);(0,1);(0,2) | I=(0,0) | sp=1,55,945 | ip=1
0 | 12 | S=(0,0);(0,1);(0,2) | I=(0,0) | sp=1,55,99930 | ip=1
0 | 12 | S=(0,0);(0,1);(0,2) | I=(0,0) | sp=1,884,94 | ip=1
0 | 12 | S=(0,0);(0,1);(0,2) | I=(0,0) | sp=1,1,95 | ip=883
0 | 12 | S=(0,0);(0,1);(0,2) | I=(0,0) | sp=1,96,96 | ip=1
0 | 12 | S=(0,0);(0,1);(0,2) | I=(0,0) | sp=1,885,96 | ip=1
0 | 12 | S=(0,0);(0,1);(0,2) | I=(0,0) | sp=1,96,945 | ip=1
0 | 12 | S=(0,0);(0,1);(0,2) | I=(0,0) | sp=1,96,99930 | ip=1
0 | 12 | S=(0,0);(0,1);(0,2) | I=(0,0) | sp=1,1,948 | ip=882
0 | 12 | S=(0,0);(0,1);(0,2) | I=(0,0) | sp=1,1,999 | ip=882
0 | 12 | S=(0,0);(0,1);(0,2) | I=(0,0) | sp=1,1,8881 | ip=882
0 | 12 | S=(0,0);(0,1);(0,2) | I=(0,0) | sp=1,1,887 | ip=883
0 | 12 | S=(0,0);(0,1);(0,2) | I=(0,0) | sp=1,1,923 | ip=883
0 | 12 | S=(0,0);(0,1);(0,2) | I=(0,0) | sp=1,1,950 | ip=883
0 | 12 | S=(0,0);(0,1);(0,2) | I=(0,0) | sp=1,1,998 | ip=883
0 | 12 | S=(0,0);(0,1);(0,2) | I=(0,0) | sp=1,884,886 | ip=1
0 | 12 | S=(0,0);(0,1);(0,2) | I=(0,0) | sp=1,884,919 | ip=1
0 | 12 | S=(0,0);(0,1);(0,2) | I=(0,0) | sp=1,884,946 | ip=1
0 | 12 | S=(0,0);(0,1);(0,2) | I=(0,0) | sp=1,884,996 | ip=1
0 | 12 | S=(0,0);(0,1);(0,2) | I=(0,0) | sp=1,884,9915 | ip=1
0 | 12 | S=(0,0);(0,1);(0,2) | I=(0,0) | sp=1,885,885 | ip=1
0 | 12 | S=(0,0);(0,1);(0,2) | I=(0,0) | sp=1,885,945 | ip=1
0 | 12 | S=(0,0);(0,1);(0,2) | I=(0,0) | sp=1,885,99930 | ip=1
0 | 12 | S=(0,0);(0,1);(0,2) | I=(0,0) | sp=1,945,945 | ip=1
0 | 12 | S=(0,0);(0,1);(0,2) | I=(0,0) | sp=1,99930,945 | ip=1
0 | 12 | S=(0,0);(0,1);(0,2) | I=(0,0) | sp=1,9912,947 | ip=1
0 | 12 | S=(0,0);(0,1);(0,2) | I=(0,0) | sp=1,99930,99930 | ip=1
0 | 12 | S=(0,0);(0,1);(0,2) | I=(0,0) | sp=1,24,24 | ip=883
0 | 12 | S=(0,0);(0,1);(0,2) | I=(0,0) | sp=1,24,35 | ip=882
0 | 12 | S=(0,0);(0,1);(0,2) | I=(0,0) | sp=1,24,45 | ip=882
0 | 12 | S=(0,0);(0,1);(0,2) | I=(0,0) | sp=1,24,55 | ip=882
0 | 12 | S=(0,0);(0,1);(0,2) | I=(0,0) | sp=24,93,93 | ip=1
0 | 12 | S=(0,0);(0,1);(0,2) | I=(0,0) | sp=1,24,96 | ip=882
0 | 12 | S=(0,0);(0,1);(0,2) | I=(0,0) | sp=1,885,24 | ip=882
0 | 12 | S=(0,0);(0,1);(0,2) | I=(0,0) | sp=1,24,945 | ip=882
0 | 12 | S=(0,0);(0,1);(0,2) | I=(0,0) | sp=1,24,99930 | ip=882
0 | 12 | S=(0,0);(0,1);(0,2) | I=(0,0) | sp=1,884,24 | ip=883
0 | 12 | S=(0,0);(0,1);(0,2) | I=(0,0) | sp=1,884,35 | ip=882
0 | 12 | S=(0,0);(0,1);(0,2) | I=(0,0) | sp=1,883,35 | ip=883
0 | 12 | S=(0,0);(0,1);(0,2) | I=(0,0) | sp=1,884,45 | ip=882
0 | 12 | S=(0,0);(0,1);(0,2) | I=(0,0) | sp=1,883,45 | ip=883
0 | 12 | S=(0,0);(0,1);(0,2) | I=(0,0) | sp=1,884,55 | ip=882
0 | 12 | S=(0,0);(0,1);(0,2) | I=(0,0) | sp=1,883,55 | ip=883
0 | 12 | S=(0,0);(0,1);(0,2) | I=(0,0) | sp=884,93,93 | ip=1
0 | 12 | S=(0,0);(0,1);(0,2) | I=(0,0) | sp=1,93,947 | ip=882
0 | 12 | S=(0,0);(0,1);(0,2) | I=(0,0) | sp=1,93,9912 | ip=883
0 | 12 | S=(0,0);(0,1);(0,2) | I=(0,0) | sp=1,882,94 | ip=883
0 | 12 | S=(0,0);(0,1);(0,2) | I=(0,0) | sp=1,882,95 | ip=882
0 | 12 | S=(0,0);(0,1);(0,2) | I=(0,0) | sp=1,884,96 | ip=882
0 | 12 | S=(0,0);(0,1);(0,2) | I=(0,0) | sp=1,883,96 | ip=883
0 | 12 | S=(0,0);(0,1);(0,2) | I=(0,0) | sp=1,882,887 | ip=882
0 | 12 | S=(0,0);(0,1);(0,2) | I=(0,0) | sp=1,882,923 | ip=882
0 | 12 | S=(0,0);(0,1);(0,2) | I=(0,0) | sp=1,882,950 | ip=882
0 | 12 | S=(0,0);(0,1);(0,2) | I=(0,0) | sp=1,882,998 | ip=882
0 | 12 | S=(0,0);(0,1);(0,2) | I=(0,0) | sp=1,882,886 | ip=883
0 | 12 | S=(0,0);(0,1);(0,2) | I=(0,0) | sp=1,882,919 | ip=883
0 | 12 | S=(0,0);(0,1);(0,2) | I=(0,0) | sp=1,882,946 | ip=883
0 | 12 | S=(0,0);(0,1);(0,2) | I=(0,0) | sp=1,882,996 | ip=883
0 | 12 | S=(0,0);(0,1);(0,2) | I=(0,0) | sp=1,882,9915 | ip=883
0 | 12 | S=(0,0);(0,1);(0,2) | I=(0,0) | sp=1,884,885 | ip=882
0 | 12 | S=(0,0);(0,1);(0,2) | I=(0,0) | sp=1,884,945 | ip=882
0 | 12 | S=(0,0);(0,1);(0,2) | I=(0,0) | sp=1,884,99930 | ip=882
0 | 12 | S=(0,0);(0,1);(0,2) | I=(0,0) | sp=1,918,922 | ip=882
0 | 12 | S=(0,0);(0,1);(0,2) | I=(0,0) | sp=1,9912,9912 | ip=882
0 | 12 | S=(0,0);(0,1);(0,2) | I=(0,0) | sp=1,883,885 | ip=883
0 | 12 | S=(0,0);(0,1);(0,2) | I=(0,0) | sp=1,883,945 | ip=883
0 | 12 | S=(0,0);(0,1);(0,2) | I=(0,0) | sp=1,883,99930 | ip=883
0 | 12 | S=(0,0);(0,1);(0,2) | I=(0,0) | sp=1,884,884 | ip=883
0 | 12 | S=(0,0);(0,1);(0,2) | I=(0,0) | sp=882,24,24 | ip=882
0 | 12 | S=(0,0);(0,1);(0,2) | I=(0,0) | sp=882,884,24 | ip=882
0 | 12 | S=(0,0);(0,1);(0,2) | I=(0,0) | sp=882,883,24 | ip=883
0 | 12 | S=(0,0);(0,1);(0,2) | I=(0,0) | sp=882,882,35 | ip=883
0 | 12 | S=(0,0);(0,1);(0,2) | I=(0,0) | sp=882,882,45 | ip=883
0 | 12 | S=(0,0);(0,1);(0,2) | I=(0,0) | sp=882,882,55 | ip=883
0 | 12 | S=(0,0);(0,1);(0,2) | I=(0,0) | sp=882,93,93 | ip=883
0 | 12 | S=(0,0);(0,1);(0,2) | I=(0,0) | sp=882,93,9912 | ip=882
0 | 12 | S=(0,0);(0,1);(0,2) | I=(0,0) | sp=882,882,94 | ip=882
0 | 12 | S=(0,0);(0,1);(0,2) | I=(0,0) | sp=882,882,96 | ip=883
0 | 12 | S=(0,0);(0,1);(0,2) | I=(0,0) | sp=882,882,886 | ip=882
0 | 12 | S=(0,0);(0,1);(0,2) | I=(0,0) | sp=882,882,919 | ip=882
0 | 12 | S=(0,0);(0,1);(0,2) | I=(0,0) | sp=882,882,946 | ip=882
0 | 12 | S=(0,0);(0,1);(0,2) | I=(0,0) | sp=882,882,996 | ip=882
0 | 12 | S=(0,0);(0,1);(0,2) | I=(0,0) | sp=882,882,9915 | ip=882
0 | 12 | S=(0,0);(0,1);(0,2) | I=(0,0) | sp=882,882,885 | ip=883
0 | 12 | S=(0,0);(0,1);(0,2) | I=(0,0) | sp=882,882,945 | ip=883
0 | 12 | S=(0,0);(0,1);(0,2) | I=(0,0) | sp=882,882,99930 | ip=883
0 | 12 | S=(0,0);(0,1);(0,2) | I=(0,0) | sp=882,884,884 | ip=882
0 | 12 | S=(0,0);(0,1);(0,2) | I=(0,0) | sp=882,883,884 | ip=883
0 | 12 | S=(0,0);(0,1);(0,2) | I=(0,0) | sp=883,883,883 | ip=883
