-4 1 0 0 0 0 0
1 -1 1 0 0 0 0
0 1 -2 1 0 0 0
0 0 1 -3 1 0 0
0 0 0 1 -2 1 0
0 0 0 0 1 -1 1
0 0 0 0 0 1 -4

-4 1 0 0 0 0 0 0 0
1 -1 1 0 0 0 0 0 0
0 1 -3 1 0 0 0 0 0
0 0 1 -1 1 0 0 0 0
0 0 0 1 -5 1 0 0 0
0 0 0 0 1 -1 1 0 0
0 0 0 0 0 1 -3 1 0
0 0 0 0 0 0 1 -1 1
0 0 0 0 0 0 0 1 -4

-4 1 0 0 0 0 0 0 0 0 0
1 -1 1 0 0 0 0 0 0 0 0
0 1 -3 1 0 0 0 0 0 0 0
0 0 1 -1 1 0 0 0 0 0 0
0 0 0 1 -5 1 0 0 0 0 0
0 0 0 0 1 -1 1 0 0 0 0
0 0 0 0 0 1 -3 1 0 0 0
0 0 0 0 0 0 1 -2 1 0 0
0 0 0 0 0 0 0 1 -2 1 0
0 0 0 0 0 0 0 0 1 -1 1
0 0 0 0 0 0 0 0 0 1 -6

-6 1 0 0 0 0 0 0 0 0 0
1 -1 1 0 0 0 0 0 0 0 0
0 1 -2 1 0 0 0 0 0 0 0
0 0 1 -2 1 0 0 0 0 0 0
0 0 0 1 -3 1 0 0 0 0 0
0 0 0 0 1 -1 1 0 0 0 0
0 0 0 0 0 1 -5 1 0 0 0
0 0 0 0 0 0 1 -1 1 0 0
0 0 0 0 0 0 0 1 -3 1 0
0 0 0 0 0 0 0 0 1 -1 1
0 0 0 0 0 0 0 0 0 1 -4

-6 1 0 0 0 0 0 0 0 0 0 0 0
1 -1 1 0 0 0 0 0 0 0 0 0 0
0 1 -2 1 0 0 0 0 0 0 0 0 0
0 0 1 -2 1 0 0 0 0 0 0 0 0
0 0 0 1 -3 1 0 0 0 0 0 0 0
0 0 0 0 1 -1 1 0 0 0 0 0 0
0 0 0 0 0 1 -5 1 0 0 0 0 0
0 0 0 0 0 0 1 -1 1 0 0 0 0
0 0 0 0 0 0 0 1 -3 1 0 0 0
0 0 0 0 0 0 0 0 1 -2 1 0 0
0 0 0 0 0 0 0 0 0 1 -2 1 0
0 0 0 0 0 0 0 0 0 0 1 -1 1
0 0 0 0 0 0 0 0 0 0 0 1 -6

