0,1,0 | 6,22,4 | S=(0,0);(0,1);(0,2) | I= | sp=1,1,1 | ip=
0,1,0 | 6,22,6 | S=(0,0);(0,1);(0,2) | I= | sp=1,1,1 | ip=
0,1,0 | 6,22,6 | S=(0,0);(0,1);(0,2) | I= | sp=1,1,912 | ip=
0,1,0 | 6,22,6 | S=(0,0);(0,1);(0,2) | I= | sp=1,912,1 | ip=
0,1,0 | 6,22,6 | S=(0,0);(0,1);(0,2) | I= | sp=912,1,1 | ip=
0,1,0 | 7,32,4 | S=(0,0);(0,1);(0,2) | I= | sp=1,1,1 | ip=
0,1,0 | 7,33,6 | S=(0,0);(0,1);(0,2) | I= | sp=1,1,1 | ip=
0,1,0 | 7,33,7 | S=(0,0);(0,1);(0,2) | I= | sp=1,1,1 | ip=
0,1,0 | 7,33,8 | S=(0,0);(0,1);(0,2) | I= | sp=1,1,1 | ip=
0,1,0 | 8,32,4 | S=(0,0);(0,1);(0,2) | I= | sp=1,1,1 | ip=
0,1,0 | 8,32,4 | S=(0,0);(0,1);(0,2) | I= | sp=1,1,882 | ip=
0,1,0 | 8,32,4 | S=(0,0);(0,1);(0,2) | I= | sp=1,882,1 | ip=
0,1,0 | 8,32,4 | S=(0,0);(0,1);(0,2) | I= | sp=882,1,1 | ip=
0,1,0 | 8,33,4 | S=(0,0);(0,1);(0,2) | I= | sp=1,1,1 | ip=
0,1,0 | 8,33,6 | S=(0,0);(0,1);(0,2) | I= | sp=1,1,1 | ip=
0,1,0 | 8,33,6 | S=(0,0);(0,1);(0,2) | I= | sp=1,1,882 | ip=
0,1,0 | 8,33,6 | S=(0,0);(0,1);(0,2) | I= | sp=1,1,97 | ip=
0,1,0 | 8,33,6 | S=(0,0);(0,1);(0,2) | I= | sp=1,882,1 | ip=
0,1,0 | 8,33,6 | S=(0,0);(0,1);(0,2) | I= | sp=1,97,1 | ip=
0,1,0 | 8,33,6 | S=(0,0);(0,1);(0,2) | I= | sp=882,1,1 | ip=
0,1,0 | 8,33,6 | S=(0,0);(0,1);(0,2) | I= | sp=97,1,1 | ip=
0,1,0 | 8,33,7 | S=(0,0);(0,1);(0,2) | I= | sp=1,1,1 | ip=
0,1,0 | 8,33,7 | S=(0,0);(0,1);(0,2) | I= | sp=1,1,882 | ip=
0,1,0 | 8,33,7 | S=(0,0);(0,1);(0,2) | I= | sp=1,1,97 | ip=
0,1,0 | 8,33,7 | S=(0,0);(0,1);(0,2) | I= | sp=1,1,98 | ip=
0,1,0 | 8,33,7 | S=(0,0);(0,1);(0,2) | I= | sp=1,882,1 | ip=
0,1,0 | 8,33,7 | S=(0,0);(0,1);(0,2) | I= | sp=1,97,1 | ip=
0,1,0 | 8,33,7 | S=(0,0);(0,1);(0,2) | I= | sp=1,98,1 | ip=
0,1,0 | 8,33,7 | S=(0,0);(0,1);(0,2) | I= | sp=882,1,1 | ip=
0,1,0 | 8,33,7 | S=(0,0);(0,1);(0,2) | I= | sp=97,1,1 | ip=
0,1,0 | 8,33,7 | S=(0,0);(0,1);(0,2) | I= | sp=98,1,1 | ip=
0,1,0 | 8,33,8 | S=(0,0);(0,1);(0,2) | I= | sp=1,1,1 | ip=
0,1,0 | 8,33,8 | S=(0,0);(0,1);(0,2) | I= | sp=1,1,882 | ip=
0,1,0 | 8,33,8 | S=(0,0);(0,1);(0,2) | I= | sp=1,1,97 | ip=
0,1,0 | 8,33,8 | S=(0,0);(0,1);(0,2) | I= | sp=1,1,98 | ip=
0,1,0 | 8,33,8 | S=(0,0);(0,1);(0,2) | I= | sp=1,882,1 | ip=
0,1,0 | 8,33,8 | S=(0,0);(0,1);(0,2) | I= | sp=1,97,1 | ip=
0,1,0 | 8,33,8 | S=(0,0);(0,1);(0,2) | I= | sp=1,98,1 | ip=
0,1,0 | 8,33,8 | S=(0,0);(0,1);(0,2) | I= | sp=882,1,1 | ip=
0,1,0 | 8,33,8 | S=(0,0);(0,1);(0,2) | I= | sp=97,1,1 | ip=
0,1,0 | 8,33,8 | S=(0,0);(0,1);(0,2) | I= | sp=98,1,1 | ip=
0,1,0 | 8,42,4 | S=(0,0);(0,1);(0,2) | I= | sp=1,1,1 | ip=
0,1,0 | 8,43,6 | S=(0,0);(0,1);(0,2) | I= | sp=1,1,1 | ip=
0,1,0 | 8,44,6 | S=(0,0);(0,1);(0,2) | I= | sp=1,1,1 | ip=
0,1,0 | 8,44,7 | S=(0,0);(0,1);(0,2) | I= | sp=1,1,1 | ip=
0,1,0 | 8,44,8 | S=(0,0);(0,1);(0,2) | I= | sp=1,1,1 | ip=
0,1,0 | 8,45,7 | S=(0,0);(0,1);(0,2) | I= | sp=1,1,1 | ip=
0,1,0 | 8,45,8 | S=(0,0);(0,1);(0,2) | I= | sp=1,1,1 | ip=
0,1,0 | 8,45,12 | S=(0,0);(0,1);(0,2) | I= | sp=1,1,1 | ip=
0,1,0 | 12,42,4 | S=(0,0);(0,1);(0,2) | I= | sp=1,1,1 | ip=
0,1,0 | 12,42,4 | S=(0,0);(0,1);(0,2) | I= | sp=1,1,882 | ip=
0,1,0 | 12,42,4 | S=(0,0);(0,1);(0,2) | I= | sp=1,1,883 | ip=
0,1,0 | 12,42,4 | S=(0,0);(0,1);(0,2) | I= | sp=1,1,884 | ip=
0,1,0 | 12,42,4 | S=(0,0);(0,1);(0,2) | I= | sp=1,1,885 | ip=
0,1,0 | 12,42,4 | S=(0,0);(0,1);(0,2) | I= | sp=1,1,24 | ip=
0,1,0 | 12,42,4 | S=(0,0);(0,1);(0,2) | I= | sp=1,1,93 | ip=
0,1,0 | 12,42,4 | S=(0,0);(0,1);(0,2) | I= | sp=1,1,96 | ip=
0,1,0 | 12,42,4 | S=(0,0);(0,1);(0,2) | I= | sp=1,1,35 | ip=
0,1,0 | 12,42,4 | S=(0,0);(0,1);(0,2) | I= | sp=1,1,45 | ip=
0,1,0 | 12,42,4 | S=(0,0);(0,1);(0,2) | I= | sp=1,1,55 | ip=
0,1,0 | 12,42,4 | S=(0,0);(0,1);(0,2) | I= | sp=1,1,99930 | ip=
0,1,0 | 12,42,4 | S=(0,0);(0,1);(0,2) | I= | sp=1,1,9912 | ip=
0,1,0 | 12,42,4 | S=(0,0);(0,1);(0,2) | I= | sp=1,1,918 | ip=
0,1,0 | 12,42,4 | S=(0,0);(0,1);(0,2) | I= | sp=1,1,920 | ip=
0,1,0 | 12,42,4 | S=(0,0);(0,1);(0,2) | I= | sp=1,1,921 | ip=
0,1,0 | 12,42,4 | S=(0,0);(0,1);(0,2) | I= | sp=1,1,922 | ip=
0,1,0 | 12,42,4 | S=(0,0);(0,1);(0,2) | I= | sp=1,1,945 | ip=
0,1,0 | 12,42,4 | S=(0,0);(0,1);(0,2) | I= | sp=1,882,1 | ip=
0,1,0 | 12,42,4 | S=(0,0);(0,1);(0,2) | I= | sp=1,882,882 | ip=
0,1,0 | 12,42,4 | S=(0,0);(0,1);(0,2) | I= | sp=1,882,883 | ip=
0,1,0 | 12,42,4 | S=(0,0);(0,1);(0,2) | I= | sp=1,882,884 | ip=
0,1,0 | 12,42,4 | S=(0,0);(0,1);(0,2) | I= | sp=1,882,24 | ip=
0,1,0 | 12,42,4 | S=(0,0);(0,1);(0,2) | I= | sp=1,882,93 | ip=
0,1,0 | 12,42,4 | S=(0,0);(0,1);(0,2) | I= | sp=1,882,918 | ip=
0,1,0 | 12,42,4 | S=(0,0);(0,1);(0,2) | I= | sp=1,883,1 | ip=
0,1,0 | 12,42,4 | S=(0,0);(0,1);(0,2) | I= | sp=1,883,882 | ip=
0,1,0 | 12,42,4 | S=(0,0);(0,1);(0,2) | I= | sp=1,883,883 | ip=
0,1,0 | 12,42,4 | S=(0,0);(0,1);(0,2) | I= | sp=1,884,1 | ip=
0,1,0 | 12,42,4 | S=(0,0);(0,1);(0,2) | I= | sp=1,884,882 | ip=
0,1,0 | 12,42,4 | S=(0,0);(0,1);(0,2) | I= | sp=1,885,1 | ip=
0,1,0 | 12,42,4 | S=(0,0);(0,1);(0,2) | I= | sp=1,24,1 | ip=
0,1,0 | 12,42,4 | S=(0,0);(0,1);(0,2) | I= | sp=1,24,882 | ip=
0,1,0 | 12,42,4 | S=(0,0);(0,1);(0,2) | I= | sp=1,93,1 | ip=
0,1,0 | 12,42,4 | S=(0,0);(0,1);(0,2) | I= | sp=1,93,882 | ip=
0,1,0 | 12,42,4 | S=(0,0);(0,1);(0,2) | I= | sp=1,96,1 | ip=
0,1,0 | 12,42,4 | S=(0,0);(0,1);(0,2) | I= | sp=1,35,1 | ip=
0,1,0 | 12,42,4 | S=(0,0);(0,1);(0,2) | I= | sp=1,45,1 | ip=
0,1,0 | 12,42,4 | S=(0,0);(0,1);(0,2) | I= | sp=1,55,1 | ip=
0,1,0 | 12,42,4 | S=(0,0);(0,1);(0,2) | I= | sp=1,99930,1 | ip=
0,1,0 | 12,42,4 | S=(0,0);(0,1);(0,2) | I= | sp=1,9912,1 | ip=
0,1,0 | 12,42,4 | S=(0,0);(0,1);(0,2) | I= | sp=1,918,1 | ip=
0,1,0 | 12,42,4 | S=(0,0);(0,1);(0,2) | I= | sp=1,918,882 | ip=
0,1,0 | 12,42,4 | S=(0,0);(0,1);(0,2) | I= | sp=1,920,1 | ip=
0,1,0 | 12,42,4 | S=(0,0);(0,1);(0,2) | I= | sp=1,921,1 | ip=
0,1,0 | 12,42,4 | S=(0,0);(0,1);(0,2) | I= | sp=1,922,1 | ip=
0,1,0 | 12,42,4 | S=(0,0);(0,1);(0,2) | I= | sp=1,945,1 | ip=
0,1,0 | 12,42,4 | S=(0,0);(0,1);(0,2) | I= | sp=882,1,1 | ip=
0,1,0 | 12,42,4 | S=(0,0);(0,1);(0,2) | I= | sp=882,1,882 | ip=
0,1,0 | 12,42,4 | S=(0,0);(0,1);(0,2) | I= | sp=882,1,883 | ip=
0,1,0 | 12,42,4 | S=(0,0);(0,1);(0,2) | I= | sp=882,1,884 | ip=
0,1,0 | 12,42,4 | S=(0,0);(0,1);(0,2) | I= | sp=882,1,24 | ip=
0,1,0 | 12,42,4 | S=(0,0);(0,1);(0,2) | I= | sp=882,1,93 | ip=
0,1,0 | 12,42,4 | S=(0,0);(0,1);(0,2) | I= | sp=882,1,918 | ip=
0,1,0 | 12,42,4 | S=(0,0);(0,1);(0,2) | I= | sp=882,882,1 | ip=
0,1,0 | 12,42,4 | S=(0,0);(0,1);(0,2) | I= | sp=882,882,882 | ip=
0,1,0 | 12,42,4 | S=(0,0);(0,1);(0,2) | I= | sp=882,882,883 | ip=
0,1,0 | 12,42,4 | S=(0,0);(0,1);(0,2) | I= | sp=882,883,1 | ip=
0,1,0 | 12,42,4 | S=(0,0);(0,1);(0,2) | I= | sp=882,883,882 | ip=
0,1,0 | 12,42,4 | S=(0,0);(0,1);(0,2) | I= | sp=882,884,1 | ip=
0,1,0 | 12,42,4 | S=(0,0);(0,1);(0,2) | I= | sp=882,24,1 | ip=
0,1,0 | 12,42,4 | S=(0,0);(0,1);(0,2) | I= | sp=882,93,1 | ip=
0,1,0 | 12,42,4 | S=(0,0);(0,1);(0,2) | I= | sp=882,918,1 | ip=
0,1,0 | 12,42,4 | S=(0,0);(0,1);(0,2) | I= | sp=883,1,1 | ip=
0,1,0 | 12,42,4 | S=(0,0);(0,1);(0,2) | I= | sp=883,1,882 | ip=
0,1,0 | 12,42,4 | S=(0,0);(0,1);(0,2) | I= | sp=883,1,883 | ip=
0,1,0 | 12,42,4 | S=(0,0);(0,1);(0,2) | I= | sp=883,882,1 | ip=
0,1,0 | 12,42,4 | S=(0,0);(0,1);(0,2) | I= | sp=883,882,882 | ip=
0,1,0 | 12,42,4 | S=(0,0);(0,1);(0,2) | I= | sp=883,883,1 | ip=
0,1,0 | 12,42,4 | S=(0,0);(0,1);(0,2) | I= | sp=884,1,1 | ip=
0,1,0 | 12,42,4 | S=(0,0);(0,1);(0,2) | I= | sp=884,1,882 | ip=
0,1,0 | 12,42,4 | S=(0,0);(0,1);(0,2) | I= | sp=884,882,1 | ip=
0,1,0 | 12,42,4 | S=(0,0);(0,1);(0,2) | I= | sp=885,1,1 | ip=
0,1,0 | 12,42,4 | S=(0,0);(0,1);(0,2) | I= | sp=24,1,1 | ip=
0,1,0 | 12,42,4 | S=(0,0);(0,1);(0,2) | I= | sp=24,1,882 | ip=
0,1,0 | 12,42,4 | S=(0,0);(0,1);(0,2) | I= | sp=24,882,1 | ip=
0,1,0 | 12,42,4 | S=(0,0);(0,1);(0,2) | I= | sp=93,1,1 | ip=
0,1,0 | 12,42,4 | S=(0,0);(0,1);(0,2) | I= | sp=93,1,882 | ip=
0,1,0 | 12,42,4 | S=(0,0);(0,1);(0,2) | I= | sp=93,882,1 | ip=
0,1,0 | 12,42,4 | S=(0,0);(0,1);(0,2) | I= | sp=96,1,1 | ip=
0,1,0 | 12,42,4 | S=(0,0);(0,1);(0,2) | I= | sp=35,1,1 | ip=
0,1,0 | 12,42,4 | S=(0,0);(0,1);(0,2) | I= | sp=45,1,1 | ip=
0,1,0 | 12,42,4 | S=(0,0);(0,1);(0,2) | I= | sp=55,1,1 | ip=
0,1,0 | 12,42,4 | S=(0,0);(0,1);(0,2) | I= | sp=99930,1,1 | ip=
0,1,0 | 12,42,4 | S=(0,0);(0,1);(0,2) | I= | sp=9912,1,1 | ip=
0,1,0 | 12,42,4 | S=(0,0);(0,1);(0,2) | I= | sp=918,1,1 | ip=
0,1,0 | 12,42,4 | S=(0,0);(0,1);(0,2) | I= | sp=918,1,882 | ip=
0,1,0 | 12,42,4 | S=(0,0);(0,1);(0,2) | I= | sp=918,882,1 | ip=
0,1,0 | 12,42,4 | S=(0,0);(0,1);(0,2) | I= | sp=920,1,1 | ip=
0,1,0 | 12,42,4 | S=(0,0);(0,1);(0,2) | I= | sp=921,1,1 | ip=
0,1,0 | 12,42,4 | S=(0,0);(0,1);(0,2) | I= | sp=922,1,1 | ip=
0,1,0 | 12,42,4 | S=(0,0);(0,1);(0,2) | I= | sp=945,1,1 | ip=
0,1,0 | 12,53,4 | S=(0,0);(0,1);(0,2) | I= | sp=1,1,1 | ip=
0,1,0 | 12,53,4 | S=(0,0);(0,1);(0,2) | I= | sp=1,1,882 | ip=
0,1,0 | 12,53,4 | S=(0,0);(0,1);(0,2) | I= | sp=1,1,883 | ip=
0,1,0 | 12,53,4 | S=(0,0);(0,1);(0,2) | I= | sp=1,1,93 | ip=
0,1,0 | 12,53,4 | S=(0,0);(0,1);(0,2) | I= | sp=1,882,1 | ip=
0,1,0 | 12,53,4 | S=(0,0);(0,1);(0,2) | I= | sp=1,882,882 | ip=
0,1,0 | 12,53,4 | S=(0,0);(0,1);(0,2) | I= | sp=1,883,1 | ip=
0,1,0 | 12,53,4 | S=(0,0);(0,1);(0,2) | I= | sp=1,93,1 | ip=
0,1,0 | 12,53,4 | S=(0,0);(0,1);(0,2) | I= | sp=882,1,1 | ip=
0,1,0 | 12,53,4 | S=(0,0);(0,1);(0,2) | I= | sp=882,1,882 | ip=
0,1,0 | 12,53,4 | S=(0,0);(0,1);(0,2) | I= | sp=882,882,1 | ip=
0,1,0 | 12,53,4 | S=(0,0);(0,1);(0,2) | I= | sp=883,1,1 | ip=
0,1,0 | 12,53,4 | S=(0,0);(0,1);(0,2) | I= | sp=93,1,1 | ip=
0,1,0 | 12,53,6 | S=(0,0);(0,1);(0,2) | I= | sp=1,1,1 | ip=
0,1,0 | 12,53,6 | S=(0,0);(0,1);(0,2) | I= | sp=1,1,882 | ip=
0,1,0 | 12,53,6 | S=(0,0);(0,1);(0,2) | I= | sp=1,1,883 | ip=
0,1,0 | 12,53,6 | S=(0,0);(0,1);(0,2) | I= | sp=1,1,884 | ip=
0,1,0 | 12,53,6 | S=(0,0);(0,1);(0,2) | I= | sp=1,1,24 | ip=
0,1,0 | 12,53,6 | S=(0,0);(0,1);(0,2) | I= | sp=1,1,93 | ip=
0,1,0 | 12,53,6 | S=(0,0);(0,1);(0,2) | I= | sp=1,1,9912 | ip=
0,1,0 | 12,53,6 | S=(0,0);(0,1);(0,2) | I= | sp=1,1,918 | ip=
0,1,0 | 12,53,6 | S=(0,0);(0,1);(0,2) | I= | sp=1,882,1 | ip=
0,1,0 | 12,53,6 | S=(0,0);(0,1);(0,2) | I= | sp=1,882,882 | ip=
0,1,0 | 12,53,6 | S=(0,0);(0,1);(0,2) | I= | sp=1,882,883 | ip=
0,1,0 | 12,53,6 | S=(0,0);(0,1);(0,2) | I= | sp=1,882,93 | ip=
0,1,0 | 12,53,6 | S=(0,0);(0,1);(0,2) | I= | sp=1,883,1 | ip=
0,1,0 | 12,53,6 | S=(0,0);(0,1);(0,2) | I= | sp=1,883,882 | ip=
0,1,0 | 12,53,6 | S=(0,0);(0,1);(0,2) | I= | sp=1,884,1 | ip=
0,1,0 | 12,53,6 | S=(0,0);(0,1);(0,2) | I= | sp=1,24,1 | ip=
0,1,0 | 12,53,6 | S=(0,0);(0,1);(0,2) | I= | sp=1,93,1 | ip=
0,1,0 | 12,53,6 | S=(0,0);(0,1);(0,2) | I= | sp=1,93,882 | ip=
0,1,0 | 12,53,6 | S=(0,0);(0,1);(0,2) | I= | sp=1,9912,1 | ip=
0,1,0 | 12,53,6 | S=(0,0);(0,1);(0,2) | I= | sp=1,918,1 | ip=
0,1,0 | 12,53,6 | S=(0,0);(0,1);(0,2) | I= | sp=882,1,1 | ip=
0,1,0 | 12,53,6 | S=(0,0);(0,1);(0,2) | I= | sp=882,1,882 | ip=
0,1,0 | 12,53,6 | S=(0,0);(0,1);(0,2) | I= | sp=882,1,883 | ip=
0,1,0 | 12,53,6 | S=(0,0);(0,1);(0,2) | I= | sp=882,1,93 | ip=
0,1,0 | 12,53,6 | S=(0,0);(0,1);(0,2) | I= | sp=882,882,1 | ip=
0,1,0 | 12,53,6 | S=(0,0);(0,1);(0,2) | I= | sp=882,882,882 | ip=
0,1,0 | 12,53,6 | S=(0,0);(0,1);(0,2) | I= | sp=882,883,1 | ip=
0,1,0 | 12,53,6 | S=(0,0);(0,1);(0,2) | I= | sp=882,93,1 | ip=
0,1,0 | 12,53,6 | S=(0,0);(0,1);(0,2) | I= | sp=883,1,1 | ip=
0,1,0 | 12,53,6 | S=(0,0);(0,1);(0,2) | I= | sp=883,1,882 | ip=
0,1,0 | 12,53,6 | S=(0,0);(0,1);(0,2) | I= | sp=883,882,1 | ip=
0,1,0 | 12,53,6 | S=(0,0);(0,1);(0,2) | I= | sp=884,1,1 | ip=
0,1,0 | 12,53,6 | S=(0,0);(0,1);(0,2) | I= | sp=24,1,1 | ip=
0,1,0 | 12,53,6 | S=(0,0);(0,1);(0,2) | I= | sp=93,1,1 | ip=
0,1,0 | 12,53,6 | S=(0,0);(0,1);(0,2) | I= | sp=93,1,882 | ip=
0,1,0 | 12,53,6 | S=(0,0);(0,1);(0,2) | I= | sp=93,882,1 | ip=
0,1,0 | 12,53,6 | S=(0,0);(0,1);(0,2) | I= | sp=9912,1,1 | ip=
0,1,0 | 12,53,6 | S=(0,0);(0,1);(0,2) | I= | sp=918,1,1 | ip=
0,1,0 | 12,54,6 | S=(0,0);(0,1);(0,2) | I= | sp=1,1,1 | ip=
0,1,0 | 12,54,6 | S=(0,0);(0,1);(0,2) | I= | sp=1,1,882 | ip=
0,1,0 | 12,54,6 | S=(0,0);(0,1);(0,2) | I= | sp=1,1,883 | ip=
0,1,0 | 12,54,6 | S=(0,0);(0,1);(0,2) | I= | sp=1,1,884 | ip=
0,1,0 | 12,54,6 | S=(0,0);(0,1);(0,2) | I= | sp=1,1,24 | ip=
0,1,0 | 12,54,6 | S=(0,0);(0,1);(0,2) | I= | sp=1,1,93 | ip=
0,1,0 | 12,54,6 | S=(0,0);(0,1);(0,2) | I= | sp=1,1,918 | ip=
0,1,0 | 12,54,6 | S=(0,0);(0,1);(0,2) | I= | sp=1,882,1 | ip=
0,1,0 | 12,54,6 | S=(0,0);(0,1);(0,2) | I= | sp=1,882,882 | ip=
0,1,0 | 12,54,6 | S=(0,0);(0,1);(0,2) | I= | sp=1,882,883 | ip=
0,1,0 | 12,54,6 | S=(0,0);(0,1);(0,2) | I= | sp=1,883,1 | ip=
0,1,0 | 12,54,6 | S=(0,0);(0,1);(0,2) | I= | sp=1,883,882 | ip=
0,1,0 | 12,54,6 | S=(0,0);(0,1);(0,2) | I= | sp=1,884,1 | ip=
0,1,0 | 12,54,6 | S=(0,0);(0,1);(0,2) | I= | sp=1,24,1 | ip=
0,1,0 | 12,54,6 | S=(0,0);(0,1);(0,2) | I= | sp=1,93,1 | ip=
0,1,0 | 12,54,6 | S=(0,0);(0,1);(0,2) | I= | sp=1,918,1 | ip=
0,1,0 | 12,54,6 | S=(0,0);(0,1);(0,2) | I= | sp=882,1,1 | ip=
0,1,0 | 12,54,6 | S=(0,0);(0,1);(0,2) | I= | sp=882,1,882 | ip=
0,1,0 | 12,54,6 | S=(0,0);(0,1);(0,2) | I= | sp=882,1,883 | ip=
0,1,0 | 12,54,6 | S=(0,0);(0,1);(0,2) | I= | sp=882,882,1 | ip=
0,1,0 | 12,54,6 | S=(0,0);(0,1);(0,2) | I= | sp=882,882,882 | ip=
0,1,0 | 12,54,6 | S=(0,0);(0,1);(0,2) | I= | sp=882,883,1 | ip=
0,1,0 | 12,54,6 | S=(0,0);(0,1);(0,2) | I= | sp=883,1,1 | ip=
0,1,0 | 12,54,6 | S=(0,0);(0,1);(0,2) | I= | sp=883,1,882 | ip=
0,1,0 | 12,54,6 | S=(0,0);(0,1);(0,2) | I= | sp=883,882,1 | ip=
0,1,0 | 12,54,6 | S=(0,0);(0,1);(0,2) | I= | sp=884,1,1 | ip=
0,1,0 | 12,54,6 | S=(0,0);(0,1);(0,2) | I= | sp=24,1,1 | ip=
0,1,0 | 12,54,6 | S=(0,0);(0,1);(0,2) | I= | sp=93,1,1 | ip=
0,1,0 | 12,54,6 | S=(0,0);(0,1);(0,2) | I= | sp=918,1,1 | ip=
0,1,0 | 12,54,7 | S=(0,0);(0,1);(0,2) | I= | sp=1,1,1 | ip=
0,1,0 | 12,54,7 | S=(0,0);(0,1);(0,2) | I= | sp=1,1,882 | ip=
0,1,0 | 12,54,7 | S=(0,0);(0,1);(0,2) | I= | sp=1,1,883 | ip=
0,1,0 | 12,54,7 | S=(0,0);(0,1);(0,2) | I= | sp=1,1,884 | ip=
0,1,0 | 12,54,7 | S=(0,0);(0,1);(0,2) | I= | sp=1,1,24 | ip=
0,1,0 | 12,54,7 | S=(0,0);(0,1);(0,2) | I= | sp=1,1,93 | ip=
0,1,0 | 12,54,7 | S=(0,0);(0,1);(0,2) | I= | sp=1,1,9912 | ip=
0,1,0 | 12,54,7 | S=(0,0);(0,1);(0,2) | I= | sp=1,1,918 | ip=
0,1,0 | 12,54,7 | S=(0,0);(0,1);(0,2) | I= | sp=1,882,1 | ip=
0,1,0 | 12,54,7 | S=(0,0);(0,1);(0,2) | I= | sp=1,882,882 | ip=
0,1,0 | 12,54,7 | S=(0,0);(0,1);(0,2) | I= | sp=1,882,883 | ip=
0,1,0 | 12,54,7 | S=(0,0);(0,1);(0,2) | I= | sp=1,882,93 | ip=
0,1,0 | 12,54,7 | S=(0,0);(0,1);(0,2) | I= | sp=1,883,1 | ip=
0,1,0 | 12,54,7 | S=(0,0);(0,1);(0,2) | I= | sp=1,883,882 | ip=
0,1,0 | 12,54,7 | S=(0,0);(0,1);(0,2) | I= | sp=1,884,1 | ip=
0,1,0 | 12,54,7 | S=(0,0);(0,1);(0,2) | I= | sp=1,24,1 | ip=
0,1,0 | 12,54,7 | S=(0,0);(0,1);(0,2) | I= | sp=1,93,1 | ip=
0,1,0 | 12,54,7 | S=(0,0);(0,1);(0,2) | I= | sp=1,93,882 | ip=
0,1,0 | 12,54,7 | S=(0,0);(0,1);(0,2) | I= | sp=1,9912,1 | ip=
0,1,0 | 12,54,7 | S=(0,0);(0,1);(0,2) | I= | sp=1,918,1 | ip=
0,1,0 | 12,54,7 | S=(0,0);(0,1);(0,2) | I= | sp=882,1,1 | ip=
0,1,0 | 12,54,7 | S=(0,0);(0,1);(0,2) | I= | sp=882,1,882 | ip=
0,1,0 | 12,54,7 | S=(0,0);(0,1);(0,2) | I= | sp=882,1,883 | ip=
0,1,0 | 12,54,7 | S=(0,0);(0,1);(0,2) | I= | sp=882,1,93 | ip=
0,1,0 | 12,54,7 | S=(0,0);(0,1);(0,2) | I= | sp=882,882,1 | ip=
0,1,0 | 12,54,7 | S=(0,0);(0,1);(0,2) | I= | sp=882,882,882 | ip=
0,1,0 | 12,54,7 | S=(0,0);(0,1);(0,2) | I= | sp=882,883,1 | ip=
0,1,0 | 12,54,7 | S=(0,0);(0,1);(0,2) | I= | sp=882,93,1 | ip=
0,1,0 | 12,54,7 | S=(0,0);(0,1);(0,2) | I= | sp=883,1,1 | ip=
0,1,0 | 12,54,7 | S=(0,0);(0,1);(0,2) | I= | sp=883,1,882 | ip=
0,1,0 | 12,54,7 | S=(0,0);(0,1);(0,2) | I= | sp=883,882,1 | ip=
0,1,0 | 12,54,7 | S=(0,0);(0,1);(0,2) | I= | sp=884,1,1 | ip=
0,1,0 | 12,54,7 | S=(0,0);(0,1);(0,2) | I= | sp=24,1,1 | ip=
0,1,0 | 12,54,7 | S=(0,0);(0,1);(0,2) | I= | sp=93,1,1 | ip=
0,1,0 | 12,54,7 | S=(0,0);(0,1);(0,2) | I= | sp=93,1,882 | ip=
0,1,0 | 12,54,7 | S=(0,0);(0,1);(0,2) | I= | sp=93,882,1 | ip=
0,1,0 | 12,54,7 | S=(0,0);(0,1);(0,2) | I= | sp=9912,1,1 | ip=
0,1,0 | 12,54,7 | S=(0,0);(0,1);(0,2) | I= | sp=918,1,1 | ip=
0,1,0 | 12,54,8 | S=(0,0);(0,1);(0,2) | I= | sp=1,1,1 | ip=
0,1,0 | 12,54,8 | S=(0,0);(0,1);(0,2) | I= | sp=1,1,882 | ip=
0,1,0 | 12,54,8 | S=(0,0);(0,1);(0,2) | I= | sp=1,1,883 | ip=
0,1,0 | 12,54,8 | S=(0,0);(0,1);(0,2) | I= | sp=1,1,884 | ip=
0,1,0 | 12,54,8 | S=(0,0);(0,1);(0,2) | I= | sp=1,1,24 | ip=
0,1,0 | 12,54,8 | S=(0,0);(0,1);(0,2) | I= | sp=1,1,93 | ip=
0,1,0 | 12,54,8 | S=(0,0);(0,1);(0,2) | I= | sp=1,1,9912 | ip=
0,1,0 | 12,54,8 | S=(0,0);(0,1);(0,2) | I= | sp=1,1,918 | ip=
0,1,0 | 12,54,8 | S=(0,0);(0,1);(0,2) | I= | sp=1,1,922 | ip=
0,1,0 | 12,54,8 | S=(0,0);(0,1);(0,2) | I= | sp=1,882,1 | ip=
0,1,0 | 12,54,8 | S=(0,0);(0,1);(0,2) | I= | sp=1,882,882 | ip=
0,1,0 | 12,54,8 | S=(0,0);(0,1);(0,2) | I= | sp=1,882,883 | ip=
0,1,0 | 12,54,8 | S=(0,0);(0,1);(0,2) | I= | sp=1,882,93 | ip=
0,1,0 | 12,54,8 | S=(0,0);(0,1);(0,2) | I= | sp=1,883,1 | ip=
0,1,0 | 12,54,8 | S=(0,0);(0,1);(0,2) | I= | sp=1,883,882 | ip=
0,1,0 | 12,54,8 | S=(0,0);(0,1);(0,2) | I= | sp=1,884,1 | ip=
0,1,0 | 12,54,8 | S=(0,0);(0,1);(0,2) | I= | sp=1,24,1 | ip=
0,1,0 | 12,54,8 | S=(0,0);(0,1);(0,2) | I= | sp=1,93,1 | ip=
0,1,0 | 12,54,8 | S=(0,0);(0,1);(0,2) | I= | sp=1,93,882 | ip=
0,1,0 | 12,54,8 | S=(0,0);(0,1);(0,2) | I= | sp=1,9912,1 | ip=
0,1,0 | 12,54,8 | S=(0,0);(0,1);(0,2) | I= | sp=1,918,1 | ip=
0,1,0 | 12,54,8 | S=(0,0);(0,1);(0,2) | I= | sp=1,922,1 | ip=
0,1,0 | 12,54,8 | S=(0,0);(0,1);(0,2) | I= | sp=882,1,1 | ip=
0,1,0 | 12,54,8 | S=(0,0);(0,1);(0,2) | I= | sp=882,1,882 | ip=
0,1,0 | 12,54,8 | S=(0,0);(0,1);(0,2) | I= | sp=882,1,883 | ip=
0,1,0 | 12,54,8 | S=(0,0);(0,1);(0,2) | I= | sp=882,1,93 | ip=
0,1,0 | 12,54,8 | S=(0,0);(0,1);(0,2) | I= | sp=882,882,1 | ip=
0,1,0 | 12,54,8 | S=(0,0);(0,1);(0,2) | I= | sp=882,882,882 | ip=
0,1,0 | 12,54,8 | S=(0,0);(0,1);(0,2) | I= | sp=882,883,1 | ip=
0,1,0 | 12,54,8 | S=(0,0);(0,1);(0,2) | I= | sp=882,93,1 | ip=
0,1,0 | 12,54,8 | S=(0,0);(0,1);(0,2) | I= | sp=883,1,1 | ip=
0,1,0 | 12,54,8 | S=(0,0);(0,1);(0,2) | I= | sp=883,1,882 | ip=
0,1,0 | 12,54,8 | S=(0,0);(0,1);(0,2) | I= | sp=883,882,1 | ip=
0,1,0 | 12,54,8 | S=(0,0);(0,1);(0,2) | I= | sp=884,1,1 | ip=
0,1,0 | 12,54,8 | S=(0,0);(0,1);(0,2) | I= | sp=24,1,1 | ip=
0,1,0 | 12,54,8 | S=(0,0);(0,1);(0,2) | I= | sp=93,1,1 | ip=
0,1,0 | 12,54,8 | S=(0,0);(0,1);(0,2) | I= | sp=93,1,882 | ip=
0,1,0 | 12,54,8 | S=(0,0);(0,1);(0,2) | I= | sp=93,882,1 | ip=
0,1,0 | 12,54,8 | S=(0,0);(0,1);(0,2) | I= | sp=9912,1,1 | ip=
0,1,0 | 12,54,8 | S=(0,0);(0,1);(0,2) | I= | sp=918,1,1 | ip=
0,1,0 | 12,54,8 | S=(0,0);(0,1);(0,2) | I= | sp=922,1,1 | ip=
0,1,0 | 12,55,6 | S=(0,0);(0,1);(0,2) | I= | sp=1,1,1 | ip=
0,1,0 | 12,55,6 | S=(0,0);(0,1);(0,2) | I= | sp=1,1,882 | ip=
0,1,0 | 12,55,6 | S=(0,0);(0,1);(0,2) | I= | sp=1,1,883 | ip=
0,1,0 | 12,55,6 | S=(0,0);(0,1);(0,2) | I= | sp=1,1,93 | ip=
0,1,0 | 12,55,6 | S=(0,0);(0,1);(0,2) | I= | sp=1,882,1 | ip=
0,1,0 | 12,55,6 | S=(0,0);(0,1);(0,2) | I= | sp=1,882,882 | ip=
0,1,0 | 12,55,6 | S=(0,0);(0,1);(0,2) | I= | sp=1,883,1 | ip=
0,1,0 | 12,55,6 | S=(0,0);(0,1);(0,2) | I= | sp=1,93,1 | ip=
0,1,0 | 12,55,6 | S=(0,0);(0,1);(0,2) | I= | sp=882,1,1 | ip=
0,1,0 | 12,55,6 | S=(0,0);(0,1);(0,2) | I= | sp=882,1,882 | ip=
0,1,0 | 12,55,6 | S=(0,0);(0,1);(0,2) | I= | sp=882,882,1 | ip=
0,1,0 | 12,55,6 | S=(0,0);(0,1);(0,2) | I= | sp=883,1,1 | ip=
0,1,0 | 12,55,6 | S=(0,0);(0,1);(0,2) | I= | sp=93,1,1 | ip=
0,1,0 | 12,55,7 | S=(0,0);(0,1);(0,2) | I= | sp=1,1,1 | ip=
0,1,0 | 12,55,7 | S=(0,0);(0,1);(0,2) | I= | sp=1,1,882 | ip=
0,1,0 | 12,55,7 | S=(0,0);(0,1);(0,2) | I= | sp=1,1,883 | ip=
0,1,0 | 12,55,7 | S=(0,0);(0,1);(0,2) | I= | sp=1,1,884 | ip=
0,1,0 | 12,55,7 | S=(0,0);(0,1);(0,2) | I= | sp=1,1,24 | ip=
0,1,0 | 12,55,7 | S=(0,0);(0,1);(0,2) | I= | sp=1,1,93 | ip=
0,1,0 | 12,55,7 | S=(0,0);(0,1);(0,2) | I= | sp=1,1,918 | ip=
0,1,0 | 12,55,7 | S=(0,0);(0,1);(0,2) | I= | sp=1,882,1 | ip=
0,1,0 | 12,55,7 | S=(0,0);(0,1);(0,2) | I= | sp=1,882,882 | ip=
0,1,0 | 12,55,7 | S=(0,0);(0,1);(0,2) | I= | sp=1,882,883 | ip=
0,1,0 | 12,55,7 | S=(0,0);(0,1);(0,2) | I= | sp=1,883,1 | ip=
0,1,0 | 12,55,7 | S=(0,0);(0,1);(0,2) | I= | sp=1,883,882 | ip=
0,1,0 | 12,55,7 | S=(0,0);(0,1);(0,2) | I= | sp=1,884,1 | ip=
0,1,0 | 12,55,7 | S=(0,0);(0,1);(0,2) | I= | sp=1,24,1 | ip=
0,1,0 | 12,55,7 | S=(0,0);(0,1);(0,2) | I= | sp=1,93,1 | ip=
0,1,0 | 12,55,7 | S=(0,0);(0,1);(0,2) | I= | sp=1,918,1 | ip=
0,1,0 | 12,55,7 | S=(0,0);(0,1);(0,2) | I= | sp=882,1,1 | ip=
0,1,0 | 12,55,7 | S=(0,0);(0,1);(0,2) | I= | sp=882,1,882 | ip=
0,1,0 | 12,55,7 | S=(0,0);(0,1);(0,2) | I= | sp=882,1,883 | ip=
0,1,0 | 12,55,7 | S=(0,0);(0,1);(0,2) | I= | sp=882,882,1 | ip=
0,1,0 | 12,55,7 | S=(0,0);(0,1);(0,2) | I= | sp=882,882,882 | ip=
0,1,0 | 12,55,7 | S=(0,0);(0,1);(0,2) | I= | sp=882,883,1 | ip=
0,1,0 | 12,55,7 | S=(0,0);(0,1);(0,2) | I= | sp=883,1,1 | ip=
0,1,0 | 12,55,7 | S=(0,0);(0,1);(0,2) | I= | sp=883,1,882 | ip=
0,1,0 | 12,55,7 | S=(0,0);(0,1);(0,2) | I= | sp=883,882,1 | ip=
0,1,0 | 12,55,7 | S=(0,0);(0,1);(0,2) | I= | sp=884,1,1 | ip=
0,1,0 | 12,55,7 | S=(0,0);(0,1);(0,2) | I= | sp=24,1,1 | ip=
0,1,0 | 12,55,7 | S=(0,0);(0,1);(0,2) | I= | sp=93,1,1 | ip=
0,1,0 | 12,55,7 | S=(0,0);(0,1);(0,2) | I= | sp=918,1,1 | ip=
0,1,0 | 12,55,8 | S=(0,0);(0,1);(0,2) | I= | sp=1,1,1 | ip=
0,1,0 | 12,55,8 | S=(0,0);(0,1);(0,2) | I= | sp=1,1,882 | ip=
0,1,0 | 12,55,8 | S=(0,0);(0,1);(0,2) | I= | sp=1,1,883 | ip=
0,1,0 | 12,55,8 | S=(0,0);(0,1);(0,2) | I= | sp=1,1,884 | ip=
0,1,0 | 12,55,8 | S=(0,0);(0,1);(0,2) | I= | sp=1,1,24 | ip=
0,1,0 | 12,55,8 | S=(0,0);(0,1);(0,2) | I= | sp=1,1,93 | ip=
0,1,0 | 12,55,8 | S=(0,0);(0,1);(0,2) | I= | sp=1,1,9912 | ip=
0,1,0 | 12,55,8 | S=(0,0);(0,1);(0,2) | I= | sp=1,1,918 | ip=
0,1,0 | 12,55,8 | S=(0,0);(0,1);(0,2) | I= | sp=1,882,1 | ip=
0,1,0 | 12,55,8 | S=(0,0);(0,1);(0,2) | I= | sp=1,882,882 | ip=
0,1,0 | 12,55,8 | S=(0,0);(0,1);(0,2) | I= | sp=1,882,883 | ip=
0,1,0 | 12,55,8 | S=(0,0);(0,1);(0,2) | I= | sp=1,882,93 | ip=
0,1,0 | 12,55,8 | S=(0,0);(0,1);(0,2) | I= | sp=1,883,1 | ip=
0,1,0 | 12,55,8 | S=(0,0);(0,1);(0,2) | I= | sp=1,883,882 | ip=
0,1,0 | 12,55,8 | S=(0,0);(0,1);(0,2) | I= | sp=1,884,1 | ip=
0,1,0 | 12,55,8 | S=(0,0);(0,1);(0,2) | I= | sp=1,24,1 | ip=
0,1,0 | 12,55,8 | S=(0,0);(0,1);(0,2) | I= | sp=1,93,1 | ip=
0,1,0 | 12,55,8 | S=(0,0);(0,1);(0,2) | I= | sp=1,93,882 | ip=
0,1,0 | 12,55,8 | S=(0,0);(0,1);(0,2) | I= | sp=1,9912,1 | ip=
0,1,0 | 12,55,8 | S=(0,0);(0,1);(0,2) | I= | sp=1,918,1 | ip=
0,1,0 | 12,55,8 | S=(0,0);(0,1);(0,2) | I= | sp=882,1,1 | ip=
0,1,0 | 12,55,8 | S=(0,0);(0,1);(0,2) | I= | sp=882,1,882 | ip=
0,1,0 | 12,55,8 | S=(0,0);(0,1);(0,2) | I= | sp=882,1,883 | ip=
0,1,0 | 12,55,8 | S=(0,0);(0,1);(0,2) | I= | sp=882,1,93 | ip=
0,1,0 | 12,55,8 | S=(0,0);(0,1);(0,2) | I= | sp=882,882,1 | ip=
0,1,0 | 12,55,8 | S=(0,0);(0,1);(0,2) | I= | sp=882,882,882 | ip=
0,1,0 | 12,55,8 | S=(0,0);(0,1);(0,2) | I= | sp=882,883,1 | ip=
0,1,0 | 12,55,8 | S=(0,0);(0,1);(0,2) | I= | sp=882,93,1 | ip=
0,1,0 | 12,55,8 | S=(0,0);(0,1);(0,2) | I= | sp=883,1,1 | ip=
0,1,0 | 12,55,8 | S=(0,0);(0,1);(0,2) | I= | sp=883,1,882 | ip=
0,1,0 | 12,55,8 | S=(0,0);(0,1);(0,2) | I= | sp=883,882,1 | ip=
0,1,0 | 12,55,8 | S=(0,0);(0,1);(0,2) | I= | sp=884,1,1 | ip=
0,1,0 | 12,55,8 | S=(0,0);(0,1);(0,2) | I= | sp=24,1,1 | ip=
0,1,0 | 12,55,8 | S=(0,0);(0,1);(0,2) | I= | sp=93,1,1 | ip=
0,1,0 | 12,55,8 | S=(0,0);(0,1);(0,2) | I= | sp=93,1,882 | ip=
0,1,0 | 12,55,8 | S=(0,0);(0,1);(0,2) | I= | sp=93,882,1 | ip=
0,1,0 | 12,55,8 | S=(0,0);(0,1);(0,2) | I= | sp=9912,1,1 | ip=
0,1,0 | 12,55,8 | S=(0,0);(0,1);(0,2) | I= | sp=918,1,1 | ip=
0,1,0 | 12,55,12 | S=(0,0);(0,1);(0,2) | I= | sp=1,1,1 | ip=
0,1,0 | 12,55,12 | S=(0,0);(0,1);(0,2) | I= | sp=1,1,882 | ip=
0,1,0 | 12,55,12 | S=(0,0);(0,1);(0,2) | I= | sp=1,1,883 | ip=
0,1,0 | 12,55,12 | S=(0,0);(0,1);(0,2) | I= | sp=1,1,884 | ip=
0,1,0 | 12,55,12 | S=(0,0);(0,1);(0,2) | I= | sp=1,1,24 | ip=
0,1,0 | 12,55,12 | S=(0,0);(0,1);(0,2) | I= | sp=1,1,93 | ip=
0,1,0 | 12,55,12 | S=(0,0);(0,1);(0,2) | I= | sp=1,1,9912 | ip=
0,1,0 | 12,55,12 | S=(0,0);(0,1);(0,2) | I= | sp=1,1,918 | ip=
0,1,0 | 12,55,12 | S=(0,0);(0,1);(0,2) | I= | sp=1,1,920 | ip=
0,1,0 | 12,55,12 | S=(0,0);(0,1);(0,2) | I= | sp=1,1,921 | ip=
0,1,0 | 12,55,12 | S=(0,0);(0,1);(0,2) | I= | sp=1,1,922 | ip=
0,1,0 | 12,55,12 | S=(0,0);(0,1);(0,2) | I= | sp=1,882,1 | ip=
0,1,0 | 12,55,12 | S=(0,0);(0,1);(0,2) | I= | sp=1,882,882 | ip=
0,1,0 | 12,55,12 | S=(0,0);(0,1);(0,2) | I= | sp=1,882,883 | ip=
0,1,0 | 12,55,12 | S=(0,0);(0,1);(0,2) | I= | sp=1,882,93 | ip=
0,1,0 | 12,55,12 | S=(0,0);(0,1);(0,2) | I= | sp=1,883,1 | ip=
0,1,0 | 12,55,12 | S=(0,0);(0,1);(0,2) | I= | sp=1,883,882 | ip=
0,1,0 | 12,55,12 | S=(0,0);(0,1);(0,2) | I= | sp=1,884,1 | ip=
0,1,0 | 12,55,12 | S=(0,0);(0,1);(0,2) | I= | sp=1,24,1 | ip=
0,1,0 | 12,55,12 | S=(0,0);(0,1);(0,2) | I= | sp=1,93,1 | ip=
0,1,0 | 12,55,12 | S=(0,0);(0,1);(0,2) | I= | sp=1,93,882 | ip=
0,1,0 | 12,55,12 | S=(0,0);(0,1);(0,2) | I= | sp=1,9912,1 | ip=
0,1,0 | 12,55,12 | S=(0,0);(0,1);(0,2) | I= | sp=1,918,1 | ip=
0,1,0 | 12,55,12 | S=(0,0);(0,1);(0,2) | I= | sp=1,920,1 | ip=
0,1,0 | 12,55,12 | S=(0,0);(0,1);(0,2) | I= | sp=1,921,1 | ip=
0,1,0 | 12,55,12 | S=(0,0);(0,1);(0,2) | I= | sp=1,922,1 | ip=
0,1,0 | 12,55,12 | S=(0,0);(0,1);(0,2) | I= | sp=882,1,1 | ip=
0,1,0 | 12,55,12 | S=(0,0);(0,1);(0,2) | I= | sp=882,1,882 | ip=
0,1,0 | 12,55,12 | S=(0,0);(0,1);(0,2) | I= | sp=882,1,883 | ip=
0,1,0 | 12,55,12 | S=(0,0);(0,1);(0,2) | I= | sp=882,1,93 | ip=
0,1,0 | 12,55,12 | S=(0,0);(0,1);(0,2) | I= | sp=882,882,1 | ip=
0,1,0 | 12,55,12 | S=(0,0);(0,1);(0,2) | I= | sp=882,882,882 | ip=
0,1,0 | 12,55,12 | S=(0,0);(0,1);(0,2) | I= | sp=882,883,1 | ip=
0,1,0 | 12,55,12 | S=(0,0);(0,1);(0,2) | I= | sp=882,93,1 | ip=
0,1,0 | 12,55,12 | S=(0,0);(0,1);(0,2) | I= | sp=883,1,1 | ip=
0,1,0 | 12,55,12 | S=(0,0);(0,1);(0,2) | I= | sp=883,1,882 | ip=
0,1,0 | 12,55,12 | S=(0,0);(0,1);(0,2) | I= | sp=883,882,1 | ip=
0,1,0 | 12,55,12 | S=(0,0);(0,1);(0,2) | I= | sp=884,1,1 | ip=
0,1,0 | 12,55,12 | S=(0,0);(0,1);(0,2) | I= | sp=24,1,1 | ip=
0,1,0 | 12,55,12 | S=(0,0);(0,1);(0,2) | I= | sp=93,1,1 | ip=
0,1,0 | 12,55,12 | S=(0,0);(0,1);(0,2) | I= | sp=93,1,882 | ip=
0,1,0 | 12,55,12 | S=(0,0);(0,1);(0,2) | I= | sp=93,882,1 | ip=
0,1,0 | 12,55,12 | S=(0,0);(0,1);(0,2) | I= | sp=9912,1,1 | ip=
0,1,0 | 12,55,12 | S=(0,0);(0,1);(0,2) | I= | sp=918,1,1 | ip=
0,1,0 | 12,55,12 | S=(0,0);(0,1);(0,2) | I= | sp=920,1,1 | ip=
0,1,0 | 12,55,12 | S=(0,0);(0,1);(0,2) | I= | sp=921,1,1 | ip=
0,1,0 | 12,55,12 | S=(0,0);(0,1);(0,2) | I= | sp=922,1,1 | ip=
