0,1,0 | 6,33,4 | S= | I=(0,0);(0,1) | sp= | ip=1,1
0,1,0 | 6,331,4 | S= | I=(0,0);(0,1) | sp= | ip=1,1
0,1,0 | 6,35,6 | S= | I=(0,0);(0,1) | sp= | ip=1,1
0,1,0 | 7,33,4 | S= | I=(0,0);(0,1) | sp= | ip=1,882
0,1,0 | 7,33,4 | S= | I=(0,0);(0,1) | sp= | ip=882,1
0,1,0 | 7,43,4 | S= | I=(0,0);(0,1) | sp= | ip=1,1
0,1,0 | 7,45,6 | S= | I=(0,0);(0,1) | sp= | ip=1,1
0,1,0 | 8,33,4 | S= | I=(0,0);(0,1) | sp= | ip=1,883
0,1,0 | 8,33,4 | S= | I=(0,0);(0,1) | sp= | ip=882,882
0,1,0 | 8,33,4 | S= | I=(0,0);(0,1) | sp= | ip=883,1
0,1,0 | 8,43,4 | S= | I=(0,0);(0,1) | sp= | ip=1,882
0,1,0 | 8,43,4 | S= | I=(0,0);(0,1) | sp= | ip=882,1
0,1,0 | 8,53,4 | S= | I=(0,0);(0,1) | sp= | ip=1,1
0,1,0 | 8,45,6 | S= | I=(0,0);(0,1) | sp= | ip=1,882
0,1,0 | 8,45,6 | S= | I=(0,0);(0,1) | sp= | ip=882,1
0,1,0 | 8,55,6 | S= | I=(0,0);(0,1) | sp= | ip=1,1
0,1,0 | 12,53,4 | S= | I=(0,0);(0,1) | sp= | ip=883,883
0,1,0 | 12,55,6 | S= | I=(0,0);(0,1) | sp= | ip=883,883
