0,1,0 | 6,22,4 | S=(0,0);(0,1) | I=(0,0) | sp=1,912 | ip=1
0,1,0 | 6,22,4 | S=(0,0);(0,1) | I=(0,0) | sp=912,1 | ip=1
0,1,0 | 7,33,4 | S=(0,0);(0,1) | I=(0,0) | sp=1,1 | ip=1
0,1,0 | 8,32,4 | S=(0,0);(0,1) | I=(0,0) | sp=1,97 | ip=1
0,1,0 | 8,32,4 | S=(0,0);(0,1) | I=(0,0) | sp=97,1 | ip=1
0,1,0 | 8,33,4 | S=(0,0);(0,1) | I=(0,0) | sp=1,1 | ip=882
0,1,0 | 8,33,4 | S=(0,0);(0,1) | I=(0,0) | sp=1,882 | ip=1
0,1,0 | 8,33,4 | S=(0,0);(0,1) | I=(0,0) | sp=882,1 | ip=1
0,1,0 | 8,33,6 | S=(0,0);(0,1) | I=(0,0) | sp=1,98 | ip=1
0,1,0 | 8,33,6 | S=(0,0);(0,1) | I=(0,0) | sp=98,1 | ip=1
0,1,0 | 8,43,4 | S=(0,0);(0,1) | I=(0,0) | sp=1,1 | ip=1
0,1,0 | 8,45,6 | S=(0,0);(0,1) | I=(0,0) | sp=1,1 | ip=1
0,1,0 | 12,42,4 | S=(0,0);(0,1) | I=(0,0) | sp=1,93 | ip=883
0,1,0 | 12,42,4 | S=(0,0);(0,1) | I=(0,0) | sp=1,9912 | ip=882
0,1,0 | 12,42,4 | S=(0,0);(0,1) | I=(0,0) | sp=1,947 | ip=1
0,1,0 | 12,42,4 | S=(0,0);(0,1) | I=(0,0) | sp=882,93 | ip=882
0,1,0 | 12,42,4 | S=(0,0);(0,1) | I=(0,0) | sp=882,9912 | ip=1
0,1,0 | 12,42,4 | S=(0,0);(0,1) | I=(0,0) | sp=883,93 | ip=1
0,1,0 | 12,42,4 | S=(0,0);(0,1) | I=(0,0) | sp=93,1 | ip=883
0,1,0 | 12,42,4 | S=(0,0);(0,1) | I=(0,0) | sp=93,882 | ip=882
0,1,0 | 12,42,4 | S=(0,0);(0,1) | I=(0,0) | sp=93,883 | ip=1
0,1,0 | 12,42,4 | S=(0,0);(0,1) | I=(0,0) | sp=9912,1 | ip=882
0,1,0 | 12,42,4 | S=(0,0);(0,1) | I=(0,0) | sp=9912,882 | ip=1
0,1,0 | 12,42,4 | S=(0,0);(0,1) | I=(0,0) | sp=947,1 | ip=1
0,1,0 | 12,53,4 | S=(0,0);(0,1) | I=(0,0) | sp=1,882 | ip=883
0,1,0 | 12,53,4 | S=(0,0);(0,1) | I=(0,0) | sp=1,883 | ip=882
0,1,0 | 12,53,4 | S=(0,0);(0,1) | I=(0,0) | sp=1,884 | ip=1
0,1,0 | 12,53,4 | S=(0,0);(0,1) | I=(0,0) | sp=1,24 | ip=1
0,1,0 | 12,53,4 | S=(0,0);(0,1) | I=(0,0) | sp=882,1 | ip=883
0,1,0 | 12,53,4 | S=(0,0);(0,1) | I=(0,0) | sp=882,882 | ip=882
0,1,0 | 12,53,4 | S=(0,0);(0,1) | I=(0,0) | sp=882,883 | ip=1
0,1,0 | 12,53,4 | S=(0,0);(0,1) | I=(0,0) | sp=883,1 | ip=882
0,1,0 | 12,53,4 | S=(0,0);(0,1) | I=(0,0) | sp=883,882 | ip=1
0,1,0 | 12,53,4 | S=(0,0);(0,1) | I=(0,0) | sp=884,1 | ip=1
0,1,0 | 12,53,4 | S=(0,0);(0,1) | I=(0,0) | sp=24,1 | ip=1
0,1,0 | 12,53,6 | S=(0,0);(0,1) | I=(0,0) | sp=1,922 | ip=1
0,1,0 | 12,53,6 | S=(0,0);(0,1) | I=(0,0) | sp=922,1 | ip=1
0,1,0 | 12,54,6 | S=(0,0);(0,1) | I=(0,0) | sp=1,93 | ip=882
0,1,0 | 12,54,6 | S=(0,0);(0,1) | I=(0,0) | sp=1,9912 | ip=1
0,1,0 | 12,54,6 | S=(0,0);(0,1) | I=(0,0) | sp=882,93 | ip=1
0,1,0 | 12,54,6 | S=(0,0);(0,1) | I=(0,0) | sp=93,1 | ip=882
0,1,0 | 12,54,6 | S=(0,0);(0,1) | I=(0,0) | sp=93,882 | ip=1
0,1,0 | 12,54,6 | S=(0,0);(0,1) | I=(0,0) | sp=9912,1 | ip=1
0,1,0 | 12,54,7 | S=(0,0);(0,1) | I=(0,0) | sp=1,922 | ip=1
0,1,0 | 12,54,7 | S=(0,0);(0,1) | I=(0,0) | sp=922,1 | ip=1
0,1,0 | 12,54,8 | S=(0,0);(0,1) | I=(0,0) | sp=1,920 | ip=1
0,1,0 | 12,54,8 | S=(0,0);(0,1) | I=(0,0) | sp=920,1 | ip=1
0,1,0 | 12,55,6 | S=(0,0);(0,1) | I=(0,0) | sp=1,882 | ip=883
0,1,0 | 12,55,6 | S=(0,0);(0,1) | I=(0,0) | sp=1,883 | ip=882
0,1,0 | 12,55,6 | S=(0,0);(0,1) | I=(0,0) | sp=1,884 | ip=1
0,1,0 | 12,55,6 | S=(0,0);(0,1) | I=(0,0) | sp=1,24 | ip=1
0,1,0 | 12,55,6 | S=(0,0);(0,1) | I=(0,0) | sp=882,1 | ip=883
0,1,0 | 12,55,6 | S=(0,0);(0,1) | I=(0,0) | sp=882,882 | ip=882
0,1,0 | 12,55,6 | S=(0,0);(0,1) | I=(0,0) | sp=882,883 | ip=1
0,1,0 | 12,55,6 | S=(0,0);(0,1) | I=(0,0) | sp=883,1 | ip=882
0,1,0 | 12,55,6 | S=(0,0);(0,1) | I=(0,0) | sp=883,882 | ip=1
0,1,0 | 12,55,6 | S=(0,0);(0,1) | I=(0,0) | sp=884,1 | ip=1
0,1,0 | 12,55,6 | S=(0,0);(0,1) | I=(0,0) | sp=24,1 | ip=1
0,1,0 | 12,55,7 | S=(0,0);(0,1) | I=(0,0) | sp=1,93 | ip=882
0,1,0 | 12,55,7 | S=(0,0);(0,1) | I=(0,0) | sp=1,9912 | ip=1
0,1,0 | 12,55,7 | S=(0,0);(0,1) | I=(0,0) | sp=882,93 | ip=1
0,1,0 | 12,55,7 | S=(0,0);(0,1) | I=(0,0) | sp=93,1 | ip=882
0,1,0 | 12,55,7 | S=(0,0);(0,1) | I=(0,0) | sp=93,882 | ip=1
0,1,0 | 12,55,7 | S=(0,0);(0,1) | I=(0,0) | sp=9912,1 | ip=1
0,1,0 | 12,55,8 | S=(0,0);(0,1) | I=(0,0) | sp=1,922 | ip=1
0,1,0 | 12,55,8 | S=(0,0);(0,1) | I=(0,0) | sp=922,1 | ip=1
