0,1,0 | 6,22,6 | S=(0,0);(0,1);(2,2) | I=(0,0) | sp=1,1,1 | ip=1
0,1,0 | 6,22,6 | S=(0,0);(0,1);(2,2) | I=(0,0) | sp=1,1,882 | ip=1
0,1,0 | 6,22,6 | S=(0,0);(0,1);(2,2) | I=(0,0) | sp=1,1,22 | ip=1
0,1,0 | 6,22,6 | S=(0,0);(0,1);(2,2) | I=(0,0) | sp=1,1,97 | ip=1
0,1,0 | 6,22,6 | S=(0,0);(0,1);(2,2) | I=(0,0) | sp=1,1,98 | ip=1
0,1,0 | 6,22,6 | S=(0,0);(0,1);(2,2) | I=(0,0) | sp=1,1,912 | ip=1
0,1,0 | 6,22,6 | S=(0,0);(0,1);(2,2) | I=(0,0) | sp=1,1,934 | ip=1
0,1,0 | 6,22,6 | S=(0,0);(0,1);(2,2) | I=(0,0) | sp=1,1,936 | ip=1
0,1,0 | 6,22,6 | S=(0,0);(0,1);(2,2) | I=(0,0) | sp=1,1,937 | ip=1
0,1,0 | 6,22,6 | S=(0,0);(0,1);(2,2) | I=(0,0) | sp=1,1,938 | ip=1
0,1,0 | 6,22,6 | S=(0,0);(0,1);(2,2) | I=(0,0) | sp=1,912,1 | ip=1
0,1,0 | 6,22,6 | S=(0,0);(0,1);(2,2) | I=(0,0) | sp=1,912,912 | ip=1
0,1,0 | 6,22,6 | S=(0,0);(0,1);(2,2) | I=(0,0) | sp=912,1,1 | ip=1
0,1,0 | 6,22,6 | S=(0,0);(0,1);(2,2) | I=(0,0) | sp=912,1,912 | ip=1
0,1,0 | 7,33,6 | S=(0,0);(0,1);(2,2) | I=(0,0) | sp=1,1,1 | ip=1
0,1,0 | 7,33,6 | S=(0,0);(0,1);(2,2) | I=(0,0) | sp=1,1,912 | ip=1
0,1,0 | 7,33,7 | S=(0,0);(0,1);(2,2) | I=(0,0) | sp=1,1,1 | ip=1
0,1,0 | 7,33,7 | S=(0,0);(0,1);(2,2) | I=(0,0) | sp=1,1,882 | ip=1
0,1,0 | 7,33,7 | S=(0,0);(0,1);(2,2) | I=(0,0) | sp=1,1,97 | ip=1
0,1,0 | 7,33,7 | S=(0,0);(0,1);(2,2) | I=(0,0) | sp=1,1,98 | ip=1
0,1,0 | 7,33,8 | S=(0,0);(0,1);(2,2) | I=(0,0) | sp=1,1,1 | ip=1
0,1,0 | 7,33,8 | S=(0,0);(0,1);(2,2) | I=(0,0) | sp=1,1,882 | ip=1
0,1,0 | 7,33,8 | S=(0,0);(0,1);(2,2) | I=(0,0) | sp=1,1,883 | ip=1
0,1,0 | 7,33,8 | S=(0,0);(0,1);(2,2) | I=(0,0) | sp=1,1,23 | ip=1
0,1,0 | 7,33,8 | S=(0,0);(0,1);(2,2) | I=(0,0) | sp=1,1,33 | ip=1
0,1,0 | 7,33,8 | S=(0,0);(0,1);(2,2) | I=(0,0) | sp=1,1,93 | ip=1
0,1,0 | 7,33,8 | S=(0,0);(0,1);(2,2) | I=(0,0) | sp=1,1,97 | ip=1
0,1,0 | 7,33,8 | S=(0,0);(0,1);(2,2) | I=(0,0) | sp=1,1,98 | ip=1
0,1,0 | 7,33,8 | S=(0,0);(0,1);(2,2) | I=(0,0) | sp=1,1,9913 | ip=1
0,1,0 | 7,33,8 | S=(0,0);(0,1);(2,2) | I=(0,0) | sp=1,1,924 | ip=1
0,1,0 | 7,33,8 | S=(0,0);(0,1);(2,2) | I=(0,0) | sp=1,1,925 | ip=1
0,1,0 | 7,33,8 | S=(0,0);(0,1);(2,2) | I=(0,0) | sp=1,1,927 | ip=1
0,1,0 | 7,33,8 | S=(0,0);(0,1);(2,2) | I=(0,0) | sp=1,1,928 | ip=1
0,1,0 | 7,33,8 | S=(0,0);(0,1);(2,2) | I=(0,0) | sp=1,1,929 | ip=1
0,1,0 | 8,32,4 | S=(0,0);(0,1);(2,2) | I=(0,0) | sp=1,1,1 | ip=1
0,1,0 | 8,33,6 | S=(0,0);(0,1);(2,2) | I=(0,0) | sp=1,1,1 | ip=1
0,1,0 | 8,33,6 | S=(0,0);(0,1);(2,2) | I=(0,0) | sp=1,1,882 | ip=1
0,1,0 | 8,33,6 | S=(0,0);(0,1);(2,2) | I=(0,0) | sp=1,1,22 | ip=1
0,1,0 | 8,33,6 | S=(0,0);(0,1);(2,2) | I=(0,0) | sp=1,1,912 | ip=1
0,1,0 | 8,33,6 | S=(0,0);(0,1);(2,2) | I=(0,0) | sp=1,1,934 | ip=1
0,1,0 | 8,33,6 | S=(0,0);(0,1);(2,2) | I=(0,0) | sp=1,1,1 | ip=882
0,1,0 | 8,33,6 | S=(0,0);(0,1);(2,2) | I=(0,0) | sp=1,1,912 | ip=882
0,1,0 | 8,33,6 | S=(0,0);(0,1);(2,2) | I=(0,0) | sp=1,882,1 | ip=1
0,1,0 | 8,33,6 | S=(0,0);(0,1);(2,2) | I=(0,0) | sp=1,882,912 | ip=1
0,1,0 | 8,33,6 | S=(0,0);(0,1);(2,2) | I=(0,0) | sp=882,1,1 | ip=1
0,1,0 | 8,33,6 | S=(0,0);(0,1);(2,2) | I=(0,0) | sp=882,1,912 | ip=1
0,1,0 | 8,33,7 | S=(0,0);(0,1);(2,2) | I=(0,0) | sp=1,1,1 | ip=1
0,1,0 | 8,33,7 | S=(0,0);(0,1);(2,2) | I=(0,0) | sp=1,1,882 | ip=1
0,1,0 | 8,33,7 | S=(0,0);(0,1);(2,2) | I=(0,0) | sp=1,1,883 | ip=1
0,1,0 | 8,33,7 | S=(0,0);(0,1);(2,2) | I=(0,0) | sp=1,1,23 | ip=1
0,1,0 | 8,33,7 | S=(0,0);(0,1);(2,2) | I=(0,0) | sp=1,1,33 | ip=1
0,1,0 | 8,33,7 | S=(0,0);(0,1);(2,2) | I=(0,0) | sp=1,1,97 | ip=1
0,1,0 | 8,33,7 | S=(0,0);(0,1);(2,2) | I=(0,0) | sp=1,1,98 | ip=1
0,1,0 | 8,33,7 | S=(0,0);(0,1);(2,2) | I=(0,0) | sp=1,1,924 | ip=1
0,1,0 | 8,33,7 | S=(0,0);(0,1);(2,2) | I=(0,0) | sp=1,1,1 | ip=882
0,1,0 | 8,33,7 | S=(0,0);(0,1);(2,2) | I=(0,0) | sp=1,1,882 | ip=882
0,1,0 | 8,33,7 | S=(0,0);(0,1);(2,2) | I=(0,0) | sp=1,1,97 | ip=882
0,1,0 | 8,33,7 | S=(0,0);(0,1);(2,2) | I=(0,0) | sp=1,1,98 | ip=882
0,1,0 | 8,33,7 | S=(0,0);(0,1);(2,2) | I=(0,0) | sp=1,882,1 | ip=1
0,1,0 | 8,33,7 | S=(0,0);(0,1);(2,2) | I=(0,0) | sp=1,882,882 | ip=1
0,1,0 | 8,33,7 | S=(0,0);(0,1);(2,2) | I=(0,0) | sp=1,882,97 | ip=1
0,1,0 | 8,33,7 | S=(0,0);(0,1);(2,2) | I=(0,0) | sp=1,882,98 | ip=1
0,1,0 | 8,33,7 | S=(0,0);(0,1);(2,2) | I=(0,0) | sp=1,97,1 | ip=1
0,1,0 | 8,33,7 | S=(0,0);(0,1);(2,2) | I=(0,0) | sp=882,1,1 | ip=1
0,1,0 | 8,33,7 | S=(0,0);(0,1);(2,2) | I=(0,0) | sp=882,1,882 | ip=1
0,1,0 | 8,33,7 | S=(0,0);(0,1);(2,2) | I=(0,0) | sp=882,1,97 | ip=1
0,1,0 | 8,33,7 | S=(0,0);(0,1);(2,2) | I=(0,0) | sp=882,1,98 | ip=1
0,1,0 | 8,33,7 | S=(0,0);(0,1);(2,2) | I=(0,0) | sp=97,1,1 | ip=1
0,1,0 | 8,33,8 | S=(0,0);(0,1);(2,2) | I=(0,0) | sp=1,1,1 | ip=1
0,1,0 | 8,33,8 | S=(0,0);(0,1);(2,2) | I=(0,0) | sp=1,1,882 | ip=1
0,1,0 | 8,33,8 | S=(0,0);(0,1);(2,2) | I=(0,0) | sp=1,1,883 | ip=1
0,1,0 | 8,33,8 | S=(0,0);(0,1);(2,2) | I=(0,0) | sp=1,1,884 | ip=1
0,1,0 | 8,33,8 | S=(0,0);(0,1);(2,2) | I=(0,0) | sp=1,1,23 | ip=1
0,1,0 | 8,33,8 | S=(0,0);(0,1);(2,2) | I=(0,0) | sp=1,1,33 | ip=1
0,1,0 | 8,33,8 | S=(0,0);(0,1);(2,2) | I=(0,0) | sp=1,1,24 | ip=1
0,1,0 | 8,33,8 | S=(0,0);(0,1);(2,2) | I=(0,0) | sp=1,1,993 | ip=1
0,1,0 | 8,33,8 | S=(0,0);(0,1);(2,2) | I=(0,0) | sp=1,1,93 | ip=1
0,1,0 | 8,33,8 | S=(0,0);(0,1);(2,2) | I=(0,0) | sp=1,1,97 | ip=1
0,1,0 | 8,33,8 | S=(0,0);(0,1);(2,2) | I=(0,0) | sp=1,1,98 | ip=1
0,1,0 | 8,33,8 | S=(0,0);(0,1);(2,2) | I=(0,0) | sp=1,1,911 | ip=1
0,1,0 | 8,33,8 | S=(0,0);(0,1);(2,2) | I=(0,0) | sp=1,1,34 | ip=1
0,1,0 | 8,33,8 | S=(0,0);(0,1);(2,2) | I=(0,0) | sp=1,1,44 | ip=1
0,1,0 | 8,33,8 | S=(0,0);(0,1);(2,2) | I=(0,0) | sp=1,1,54 | ip=1
0,1,0 | 8,33,8 | S=(0,0);(0,1);(2,2) | I=(0,0) | sp=1,1,99920 | ip=1
0,1,0 | 8,33,8 | S=(0,0);(0,1);(2,2) | I=(0,0) | sp=1,1,9913 | ip=1
0,1,0 | 8,33,8 | S=(0,0);(0,1);(2,2) | I=(0,0) | sp=1,1,9914 | ip=1
0,1,0 | 8,33,8 | S=(0,0);(0,1);(2,2) | I=(0,0) | sp=1,1,918 | ip=1
0,1,0 | 8,33,8 | S=(0,0);(0,1);(2,2) | I=(0,0) | sp=1,1,924 | ip=1
0,1,0 | 8,33,8 | S=(0,0);(0,1);(2,2) | I=(0,0) | sp=1,1,925 | ip=1
0,1,0 | 8,33,8 | S=(0,0);(0,1);(2,2) | I=(0,0) | sp=1,1,927 | ip=1
0,1,0 | 8,33,8 | S=(0,0);(0,1);(2,2) | I=(0,0) | sp=1,1,928 | ip=1
0,1,0 | 8,33,8 | S=(0,0);(0,1);(2,2) | I=(0,0) | sp=1,1,929 | ip=1
0,1,0 | 8,33,8 | S=(0,0);(0,1);(2,2) | I=(0,0) | sp=1,1,944 | ip=1
0,1,0 | 8,33,8 | S=(0,0);(0,1);(2,2) | I=(0,0) | sp=1,1,1 | ip=882
0,1,0 | 8,33,8 | S=(0,0);(0,1);(2,2) | I=(0,0) | sp=1,1,882 | ip=882
0,1,0 | 8,33,8 | S=(0,0);(0,1);(2,2) | I=(0,0) | sp=1,1,883 | ip=882
0,1,0 | 8,33,8 | S=(0,0);(0,1);(2,2) | I=(0,0) | sp=1,1,23 | ip=882
0,1,0 | 8,33,8 | S=(0,0);(0,1);(2,2) | I=(0,0) | sp=1,1,33 | ip=882
0,1,0 | 8,33,8 | S=(0,0);(0,1);(2,2) | I=(0,0) | sp=1,1,93 | ip=882
0,1,0 | 8,33,8 | S=(0,0);(0,1);(2,2) | I=(0,0) | sp=1,1,97 | ip=882
0,1,0 | 8,33,8 | S=(0,0);(0,1);(2,2) | I=(0,0) | sp=1,1,98 | ip=882
0,1,0 | 8,33,8 | S=(0,0);(0,1);(2,2) | I=(0,0) | sp=1,1,9913 | ip=882
0,1,0 | 8,33,8 | S=(0,0);(0,1);(2,2) | I=(0,0) | sp=1,1,924 | ip=882
0,1,0 | 8,33,8 | S=(0,0);(0,1);(2,2) | I=(0,0) | sp=1,1,925 | ip=882
0,1,0 | 8,33,8 | S=(0,0);(0,1);(2,2) | I=(0,0) | sp=1,1,927 | ip=882
0,1,0 | 8,33,8 | S=(0,0);(0,1);(2,2) | I=(0,0) | sp=1,1,928 | ip=882
0,1,0 | 8,33,8 | S=(0,0);(0,1);(2,2) | I=(0,0) | sp=1,1,929 | ip=882
0,1,0 | 8,33,8 | S=(0,0);(0,1);(2,2) | I=(0,0) | sp=1,882,1 | ip=1
0,1,0 | 8,33,8 | S=(0,0);(0,1);(2,2) | I=(0,0) | sp=1,882,882 | ip=1
0,1,0 | 8,33,8 | S=(0,0);(0,1);(2,2) | I=(0,0) | sp=1,882,883 | ip=1
0,1,0 | 8,33,8 | S=(0,0);(0,1);(2,2) | I=(0,0) | sp=1,882,23 | ip=1
0,1,0 | 8,33,8 | S=(0,0);(0,1);(2,2) | I=(0,0) | sp=1,882,33 | ip=1
0,1,0 | 8,33,8 | S=(0,0);(0,1);(2,2) | I=(0,0) | sp=1,882,93 | ip=1
0,1,0 | 8,33,8 | S=(0,0);(0,1);(2,2) | I=(0,0) | sp=1,882,97 | ip=1
0,1,0 | 8,33,8 | S=(0,0);(0,1);(2,2) | I=(0,0) | sp=1,882,98 | ip=1
0,1,0 | 8,33,8 | S=(0,0);(0,1);(2,2) | I=(0,0) | sp=1,882,9913 | ip=1
0,1,0 | 8,33,8 | S=(0,0);(0,1);(2,2) | I=(0,0) | sp=1,882,924 | ip=1
0,1,0 | 8,33,8 | S=(0,0);(0,1);(2,2) | I=(0,0) | sp=1,882,925 | ip=1
0,1,0 | 8,33,8 | S=(0,0);(0,1);(2,2) | I=(0,0) | sp=1,882,927 | ip=1
0,1,0 | 8,33,8 | S=(0,0);(0,1);(2,2) | I=(0,0) | sp=1,882,928 | ip=1
0,1,0 | 8,33,8 | S=(0,0);(0,1);(2,2) | I=(0,0) | sp=1,882,929 | ip=1
0,1,0 | 8,33,8 | S=(0,0);(0,1);(2,2) | I=(0,0) | sp=1,97,1 | ip=1
0,1,0 | 8,33,8 | S=(0,0);(0,1);(2,2) | I=(0,0) | sp=1,97,882 | ip=1
0,1,0 | 8,33,8 | S=(0,0);(0,1);(2,2) | I=(0,0) | sp=1,97,97 | ip=1
0,1,0 | 8,33,8 | S=(0,0);(0,1);(2,2) | I=(0,0) | sp=1,97,98 | ip=1
0,1,0 | 8,33,8 | S=(0,0);(0,1);(2,2) | I=(0,0) | sp=1,98,1 | ip=1
0,1,0 | 8,33,8 | S=(0,0);(0,1);(2,2) | I=(0,0) | sp=882,1,1 | ip=1
0,1,0 | 8,33,8 | S=(0,0);(0,1);(2,2) | I=(0,0) | sp=882,1,882 | ip=1
0,1,0 | 8,33,8 | S=(0,0);(0,1);(2,2) | I=(0,0) | sp=882,1,883 | ip=1
0,1,0 | 8,33,8 | S=(0,0);(0,1);(2,2) | I=(0,0) | sp=882,1,23 | ip=1
0,1,0 | 8,33,8 | S=(0,0);(0,1);(2,2) | I=(0,0) | sp=882,1,33 | ip=1
0,1,0 | 8,33,8 | S=(0,0);(0,1);(2,2) | I=(0,0) | sp=882,1,93 | ip=1
0,1,0 | 8,33,8 | S=(0,0);(0,1);(2,2) | I=(0,0) | sp=882,1,97 | ip=1
0,1,0 | 8,33,8 | S=(0,0);(0,1);(2,2) | I=(0,0) | sp=882,1,98 | ip=1
0,1,0 | 8,33,8 | S=(0,0);(0,1);(2,2) | I=(0,0) | sp=882,1,9913 | ip=1
0,1,0 | 8,33,8 | S=(0,0);(0,1);(2,2) | I=(0,0) | sp=882,1,924 | ip=1
0,1,0 | 8,33,8 | S=(0,0);(0,1);(2,2) | I=(0,0) | sp=882,1,925 | ip=1
0,1,0 | 8,33,8 | S=(0,0);(0,1);(2,2) | I=(0,0) | sp=882,1,927 | ip=1
0,1,0 | 8,33,8 | S=(0,0);(0,1);(2,2) | I=(0,0) | sp=882,1,928 | ip=1
0,1,0 | 8,33,8 | S=(0,0);(0,1);(2,2) | I=(0,0) | sp=882,1,929 | ip=1
0,1,0 | 8,33,8 | S=(0,0);(0,1);(2,2) | I=(0,0) | sp=97,1,1 | ip=1
0,1,0 | 8,33,8 | S=(0,0);(0,1);(2,2) | I=(0,0) | sp=97,1,882 | ip=1
0,1,0 | 8,33,8 | S=(0,0);(0,1);(2,2) | I=(0,0) | sp=97,1,97 | ip=1
0,1,0 | 8,33,8 | S=(0,0);(0,1);(2,2) | I=(0,0) | sp=97,1,98 | ip=1
0,1,0 | 8,33,8 | S=(0,0);(0,1);(2,2) | I=(0,0) | sp=98,1,1 | ip=1
0,1,0 | 8,43,6 | S=(0,0);(0,1);(2,2) | I=(0,0) | sp=1,1,1 | ip=1
0,1,0 | 8,43,6 | S=(0,0);(0,1);(2,2) | I=(0,0) | sp=1,1,912 | ip=1
0,1,0 | 8,44,7 | S=(0,0);(0,1);(2,2) | I=(0,0) | sp=1,1,1 | ip=1
0,1,0 | 8,44,8 | S=(0,0);(0,1);(2,2) | I=(0,0) | sp=1,1,1 | ip=1
0,1,0 | 8,44,8 | S=(0,0);(0,1);(2,2) | I=(0,0) | sp=1,1,882 | ip=1
0,1,0 | 8,44,8 | S=(0,0);(0,1);(2,2) | I=(0,0) | sp=1,1,97 | ip=1
0,1,0 | 8,44,8 | S=(0,0);(0,1);(2,2) | I=(0,0) | sp=1,1,98 | ip=1
0,1,0 | 8,45,8 | S=(0,0);(0,1);(2,2) | I=(0,0) | sp=1,1,1 | ip=1
0,1,0 | 8,45,12 | S=(0,0);(0,1);(2,2) | I=(0,0) | sp=1,1,1 | ip=1
0,1,0 | 8,45,12 | S=(0,0);(0,1);(2,2) | I=(0,0) | sp=1,1,882 | ip=1
0,1,0 | 8,45,12 | S=(0,0);(0,1);(2,2) | I=(0,0) | sp=1,1,883 | ip=1
0,1,0 | 8,45,12 | S=(0,0);(0,1);(2,2) | I=(0,0) | sp=1,1,884 | ip=1
0,1,0 | 8,45,12 | S=(0,0);(0,1);(2,2) | I=(0,0) | sp=1,1,885 | ip=1
0,1,0 | 8,45,12 | S=(0,0);(0,1);(2,2) | I=(0,0) | sp=1,1,24 | ip=1
0,1,0 | 8,45,12 | S=(0,0);(0,1);(2,2) | I=(0,0) | sp=1,1,93 | ip=1
0,1,0 | 8,45,12 | S=(0,0);(0,1);(2,2) | I=(0,0) | sp=1,1,96 | ip=1
0,1,0 | 8,45,12 | S=(0,0);(0,1);(2,2) | I=(0,0) | sp=1,1,35 | ip=1
0,1,0 | 8,45,12 | S=(0,0);(0,1);(2,2) | I=(0,0) | sp=1,1,45 | ip=1
0,1,0 | 8,45,12 | S=(0,0);(0,1);(2,2) | I=(0,0) | sp=1,1,55 | ip=1
0,1,0 | 8,45,12 | S=(0,0);(0,1);(2,2) | I=(0,0) | sp=1,1,99930 | ip=1
0,1,0 | 8,45,12 | S=(0,0);(0,1);(2,2) | I=(0,0) | sp=1,1,9912 | ip=1
0,1,0 | 8,45,12 | S=(0,0);(0,1);(2,2) | I=(0,0) | sp=1,1,918 | ip=1
0,1,0 | 8,45,12 | S=(0,0);(0,1);(2,2) | I=(0,0) | sp=1,1,920 | ip=1
0,1,0 | 8,45,12 | S=(0,0);(0,1);(2,2) | I=(0,0) | sp=1,1,921 | ip=1
0,1,0 | 8,45,12 | S=(0,0);(0,1);(2,2) | I=(0,0) | sp=1,1,922 | ip=1
0,1,0 | 8,45,12 | S=(0,0);(0,1);(2,2) | I=(0,0) | sp=1,1,945 | ip=1
0,1,0 | 8,45,12 | S=(0,0);(0,1);(2,2) | I=(0,0) | sp=1,1,947 | ip=1
0,1,0 | 12,42,4 | S=(0,0);(0,1);(2,2) | I=(0,0) | sp=1,1,1 | ip=1
0,1,0 | 12,42,4 | S=(0,0);(0,1);(2,2) | I=(0,0) | sp=1,1,912 | ip=1
0,1,0 | 12,42,4 | S=(0,0);(0,1);(2,2) | I=(0,0) | sp=1,1,916 | ip=1
0,1,0 | 12,42,4 | S=(0,0);(0,1);(2,2) | I=(0,0) | sp=1,1,917 | ip=1
0,1,0 | 12,42,4 | S=(0,0);(0,1);(2,2) | I=(0,0) | sp=1,1,1 | ip=882
0,1,0 | 12,42,4 | S=(0,0);(0,1);(2,2) | I=(0,0) | sp=1,1,912 | ip=882
0,1,0 | 12,42,4 | S=(0,0);(0,1);(2,2) | I=(0,0) | sp=1,1,916 | ip=882
0,1,0 | 12,42,4 | S=(0,0);(0,1);(2,2) | I=(0,0) | sp=1,1,1 | ip=883
0,1,0 | 12,42,4 | S=(0,0);(0,1);(2,2) | I=(0,0) | sp=1,1,912 | ip=883
0,1,0 | 12,42,4 | S=(0,0);(0,1);(2,2) | I=(0,0) | sp=1,882,1 | ip=1
0,1,0 | 12,42,4 | S=(0,0);(0,1);(2,2) | I=(0,0) | sp=1,882,912 | ip=1
0,1,0 | 12,42,4 | S=(0,0);(0,1);(2,2) | I=(0,0) | sp=1,882,916 | ip=1
0,1,0 | 12,42,4 | S=(0,0);(0,1);(2,2) | I=(0,0) | sp=1,882,1 | ip=882
0,1,0 | 12,42,4 | S=(0,0);(0,1);(2,2) | I=(0,0) | sp=1,882,912 | ip=882
0,1,0 | 12,42,4 | S=(0,0);(0,1);(2,2) | I=(0,0) | sp=1,882,1 | ip=883
0,1,0 | 12,42,4 | S=(0,0);(0,1);(2,2) | I=(0,0) | sp=1,883,1 | ip=1
0,1,0 | 12,42,4 | S=(0,0);(0,1);(2,2) | I=(0,0) | sp=1,883,912 | ip=1
0,1,0 | 12,42,4 | S=(0,0);(0,1);(2,2) | I=(0,0) | sp=1,883,1 | ip=882
0,1,0 | 12,42,4 | S=(0,0);(0,1);(2,2) | I=(0,0) | sp=1,884,1 | ip=1
0,1,0 | 12,42,4 | S=(0,0);(0,1);(2,2) | I=(0,0) | sp=1,24,1 | ip=1
0,1,0 | 12,42,4 | S=(0,0);(0,1);(2,2) | I=(0,0) | sp=1,93,1 | ip=1
0,1,0 | 12,42,4 | S=(0,0);(0,1);(2,2) | I=(0,0) | sp=1,93,912 | ip=1
0,1,0 | 12,42,4 | S=(0,0);(0,1);(2,2) | I=(0,0) | sp=1,93,1 | ip=882
0,1,0 | 12,42,4 | S=(0,0);(0,1);(2,2) | I=(0,0) | sp=1,9912,1 | ip=1
0,1,0 | 12,42,4 | S=(0,0);(0,1);(2,2) | I=(0,0) | sp=1,918,1 | ip=1
0,1,0 | 12,42,4 | S=(0,0);(0,1);(2,2) | I=(0,0) | sp=1,920,1 | ip=1
0,1,0 | 12,42,4 | S=(0,0);(0,1);(2,2) | I=(0,0) | sp=1,921,1 | ip=1
0,1,0 | 12,42,4 | S=(0,0);(0,1);(2,2) | I=(0,0) | sp=1,922,1 | ip=1
0,1,0 | 12,42,4 | S=(0,0);(0,1);(2,2) | I=(0,0) | sp=882,1,1 | ip=1
0,1,0 | 12,42,4 | S=(0,0);(0,1);(2,2) | I=(0,0) | sp=882,1,912 | ip=1
0,1,0 | 12,42,4 | S=(0,0);(0,1);(2,2) | I=(0,0) | sp=882,1,916 | ip=1
0,1,0 | 12,42,4 | S=(0,0);(0,1);(2,2) | I=(0,0) | sp=882,1,1 | ip=882
0,1,0 | 12,42,4 | S=(0,0);(0,1);(2,2) | I=(0,0) | sp=882,1,912 | ip=882
0,1,0 | 12,42,4 | S=(0,0);(0,1);(2,2) | I=(0,0) | sp=882,1,1 | ip=883
0,1,0 | 12,42,4 | S=(0,0);(0,1);(2,2) | I=(0,0) | sp=882,882,1 | ip=1
0,1,0 | 12,42,4 | S=(0,0);(0,1);(2,2) | I=(0,0) | sp=882,882,912 | ip=1
0,1,0 | 12,42,4 | S=(0,0);(0,1);(2,2) | I=(0,0) | sp=882,882,1 | ip=882
0,1,0 | 12,42,4 | S=(0,0);(0,1);(2,2) | I=(0,0) | sp=882,883,1 | ip=1
0,1,0 | 12,42,4 | S=(0,0);(0,1);(2,2) | I=(0,0) | sp=882,93,1 | ip=1
0,1,0 | 12,42,4 | S=(0,0);(0,1);(2,2) | I=(0,0) | sp=883,1,1 | ip=1
0,1,0 | 12,42,4 | S=(0,0);(0,1);(2,2) | I=(0,0) | sp=883,1,912 | ip=1
0,1,0 | 12,42,4 | S=(0,0);(0,1);(2,2) | I=(0,0) | sp=883,1,1 | ip=882
0,1,0 | 12,42,4 | S=(0,0);(0,1);(2,2) | I=(0,0) | sp=883,882,1 | ip=1
0,1,0 | 12,42,4 | S=(0,0);(0,1);(2,2) | I=(0,0) | sp=884,1,1 | ip=1
0,1,0 | 12,42,4 | S=(0,0);(0,1);(2,2) | I=(0,0) | sp=24,1,1 | ip=1
0,1,0 | 12,42,4 | S=(0,0);(0,1);(2,2) | I=(0,0) | sp=93,1,1 | ip=1
0,1,0 | 12,42,4 | S=(0,0);(0,1);(2,2) | I=(0,0) | sp=93,1,912 | ip=1
0,1,0 | 12,42,4 | S=(0,0);(0,1);(2,2) | I=(0,0) | sp=93,1,1 | ip=882
0,1,0 | 12,42,4 | S=(0,0);(0,1);(2,2) | I=(0,0) | sp=93,882,1 | ip=1
0,1,0 | 12,42,4 | S=(0,0);(0,1);(2,2) | I=(0,0) | sp=9912,1,1 | ip=1
0,1,0 | 12,42,4 | S=(0,0);(0,1);(2,2) | I=(0,0) | sp=918,1,1 | ip=1
0,1,0 | 12,42,4 | S=(0,0);(0,1);(2,2) | I=(0,0) | sp=920,1,1 | ip=1
0,1,0 | 12,42,4 | S=(0,0);(0,1);(2,2) | I=(0,0) | sp=921,1,1 | ip=1
0,1,0 | 12,42,4 | S=(0,0);(0,1);(2,2) | I=(0,0) | sp=922,1,1 | ip=1
0,1,0 | 12,53,6 | S=(0,0);(0,1);(2,2) | I=(0,0) | sp=1,1,1 | ip=1
0,1,0 | 12,53,6 | S=(0,0);(0,1);(2,2) | I=(0,0) | sp=1,1,882 | ip=1
0,1,0 | 12,53,6 | S=(0,0);(0,1);(2,2) | I=(0,0) | sp=1,1,22 | ip=1
0,1,0 | 12,53,6 | S=(0,0);(0,1);(2,2) | I=(0,0) | sp=1,1,97 | ip=1
0,1,0 | 12,53,6 | S=(0,0);(0,1);(2,2) | I=(0,0) | sp=1,1,98 | ip=1
0,1,0 | 12,53,6 | S=(0,0);(0,1);(2,2) | I=(0,0) | sp=1,1,912 | ip=1
0,1,0 | 12,53,6 | S=(0,0);(0,1);(2,2) | I=(0,0) | sp=1,1,934 | ip=1
0,1,0 | 12,53,6 | S=(0,0);(0,1);(2,2) | I=(0,0) | sp=1,1,938 | ip=1
0,1,0 | 12,53,6 | S=(0,0);(0,1);(2,2) | I=(0,0) | sp=1,1,1 | ip=882
0,1,0 | 12,53,6 | S=(0,0);(0,1);(2,2) | I=(0,0) | sp=1,1,882 | ip=882
0,1,0 | 12,53,6 | S=(0,0);(0,1);(2,2) | I=(0,0) | sp=1,1,22 | ip=882
0,1,0 | 12,53,6 | S=(0,0);(0,1);(2,2) | I=(0,0) | sp=1,1,97 | ip=882
0,1,0 | 12,53,6 | S=(0,0);(0,1);(2,2) | I=(0,0) | sp=1,1,912 | ip=882
0,1,0 | 12,53,6 | S=(0,0);(0,1);(2,2) | I=(0,0) | sp=1,1,934 | ip=882
0,1,0 | 12,53,6 | S=(0,0);(0,1);(2,2) | I=(0,0) | sp=1,1,1 | ip=883
0,1,0 | 12,53,6 | S=(0,0);(0,1);(2,2) | I=(0,0) | sp=1,1,882 | ip=883
0,1,0 | 12,53,6 | S=(0,0);(0,1);(2,2) | I=(0,0) | sp=1,1,22 | ip=883
0,1,0 | 12,53,6 | S=(0,0);(0,1);(2,2) | I=(0,0) | sp=1,1,912 | ip=883
0,1,0 | 12,53,6 | S=(0,0);(0,1);(2,2) | I=(0,0) | sp=1,1,934 | ip=883
0,1,0 | 12,53,6 | S=(0,0);(0,1);(2,2) | I=(0,0) | sp=1,882,1 | ip=1
0,1,0 | 12,53,6 | S=(0,0);(0,1);(2,2) | I=(0,0) | sp=1,882,882 | ip=1
0,1,0 | 12,53,6 | S=(0,0);(0,1);(2,2) | I=(0,0) | sp=1,882,22 | ip=1
0,1,0 | 12,53,6 | S=(0,0);(0,1);(2,2) | I=(0,0) | sp=1,882,97 | ip=1
0,1,0 | 12,53,6 | S=(0,0);(0,1);(2,2) | I=(0,0) | sp=1,882,912 | ip=1
0,1,0 | 12,53,6 | S=(0,0);(0,1);(2,2) | I=(0,0) | sp=1,882,934 | ip=1
0,1,0 | 12,53,6 | S=(0,0);(0,1);(2,2) | I=(0,0) | sp=1,882,1 | ip=882
0,1,0 | 12,53,6 | S=(0,0);(0,1);(2,2) | I=(0,0) | sp=1,882,882 | ip=882
0,1,0 | 12,53,6 | S=(0,0);(0,1);(2,2) | I=(0,0) | sp=1,882,22 | ip=882
0,1,0 | 12,53,6 | S=(0,0);(0,1);(2,2) | I=(0,0) | sp=1,882,912 | ip=882
0,1,0 | 12,53,6 | S=(0,0);(0,1);(2,2) | I=(0,0) | sp=1,882,934 | ip=882
0,1,0 | 12,53,6 | S=(0,0);(0,1);(2,2) | I=(0,0) | sp=1,882,1 | ip=883
0,1,0 | 12,53,6 | S=(0,0);(0,1);(2,2) | I=(0,0) | sp=1,882,912 | ip=883
0,1,0 | 12,53,6 | S=(0,0);(0,1);(2,2) | I=(0,0) | sp=1,883,1 | ip=1
0,1,0 | 12,53,6 | S=(0,0);(0,1);(2,2) | I=(0,0) | sp=1,883,882 | ip=1
0,1,0 | 12,53,6 | S=(0,0);(0,1);(2,2) | I=(0,0) | sp=1,883,22 | ip=1
0,1,0 | 12,53,6 | S=(0,0);(0,1);(2,2) | I=(0,0) | sp=1,883,912 | ip=1
0,1,0 | 12,53,6 | S=(0,0);(0,1);(2,2) | I=(0,0) | sp=1,883,934 | ip=1
0,1,0 | 12,53,6 | S=(0,0);(0,1);(2,2) | I=(0,0) | sp=1,883,1 | ip=882
0,1,0 | 12,53,6 | S=(0,0);(0,1);(2,2) | I=(0,0) | sp=1,883,912 | ip=882
0,1,0 | 12,53,6 | S=(0,0);(0,1);(2,2) | I=(0,0) | sp=1,884,1 | ip=1
0,1,0 | 12,53,6 | S=(0,0);(0,1);(2,2) | I=(0,0) | sp=1,884,912 | ip=1
0,1,0 | 12,53,6 | S=(0,0);(0,1);(2,2) | I=(0,0) | sp=1,24,1 | ip=1
0,1,0 | 12,53,6 | S=(0,0);(0,1);(2,2) | I=(0,0) | sp=1,24,912 | ip=1
0,1,0 | 12,53,6 | S=(0,0);(0,1);(2,2) | I=(0,0) | sp=1,93,1 | ip=1
0,1,0 | 12,53,6 | S=(0,0);(0,1);(2,2) | I=(0,0) | sp=1,93,882 | ip=1
0,1,0 | 12,53,6 | S=(0,0);(0,1);(2,2) | I=(0,0) | sp=1,93,22 | ip=1
0,1,0 | 12,53,6 | S=(0,0);(0,1);(2,2) | I=(0,0) | sp=1,93,912 | ip=1
0,1,0 | 12,53,6 | S=(0,0);(0,1);(2,2) | I=(0,0) | sp=1,918,1 | ip=1
0,1,0 | 12,53,6 | S=(0,0);(0,1);(2,2) | I=(0,0) | sp=882,1,1 | ip=1
0,1,0 | 12,53,6 | S=(0,0);(0,1);(2,2) | I=(0,0) | sp=882,1,882 | ip=1
0,1,0 | 12,53,6 | S=(0,0);(0,1);(2,2) | I=(0,0) | sp=882,1,22 | ip=1
0,1,0 | 12,53,6 | S=(0,0);(0,1);(2,2) | I=(0,0) | sp=882,1,97 | ip=1
0,1,0 | 12,53,6 | S=(0,0);(0,1);(2,2) | I=(0,0) | sp=882,1,912 | ip=1
0,1,0 | 12,53,6 | S=(0,0);(0,1);(2,2) | I=(0,0) | sp=882,1,934 | ip=1
0,1,0 | 12,53,6 | S=(0,0);(0,1);(2,2) | I=(0,0) | sp=882,1,1 | ip=882
0,1,0 | 12,53,6 | S=(0,0);(0,1);(2,2) | I=(0,0) | sp=882,1,882 | ip=882
0,1,0 | 12,53,6 | S=(0,0);(0,1);(2,2) | I=(0,0) | sp=882,1,22 | ip=882
0,1,0 | 12,53,6 | S=(0,0);(0,1);(2,2) | I=(0,0) | sp=882,1,912 | ip=882
0,1,0 | 12,53,6 | S=(0,0);(0,1);(2,2) | I=(0,0) | sp=882,1,934 | ip=882
0,1,0 | 12,53,6 | S=(0,0);(0,1);(2,2) | I=(0,0) | sp=882,1,1 | ip=883
0,1,0 | 12,53,6 | S=(0,0);(0,1);(2,2) | I=(0,0) | sp=882,1,912 | ip=883
0,1,0 | 12,53,6 | S=(0,0);(0,1);(2,2) | I=(0,0) | sp=882,882,1 | ip=1
0,1,0 | 12,53,6 | S=(0,0);(0,1);(2,2) | I=(0,0) | sp=882,882,882 | ip=1
0,1,0 | 12,53,6 | S=(0,0);(0,1);(2,2) | I=(0,0) | sp=882,882,22 | ip=1
0,1,0 | 12,53,6 | S=(0,0);(0,1);(2,2) | I=(0,0) | sp=882,882,912 | ip=1
0,1,0 | 12,53,6 | S=(0,0);(0,1);(2,2) | I=(0,0) | sp=882,882,934 | ip=1
0,1,0 | 12,53,6 | S=(0,0);(0,1);(2,2) | I=(0,0) | sp=882,882,1 | ip=882
0,1,0 | 12,53,6 | S=(0,0);(0,1);(2,2) | I=(0,0) | sp=882,882,912 | ip=882
0,1,0 | 12,53,6 | S=(0,0);(0,1);(2,2) | I=(0,0) | sp=882,883,1 | ip=1
0,1,0 | 12,53,6 | S=(0,0);(0,1);(2,2) | I=(0,0) | sp=882,883,912 | ip=1
0,1,0 | 12,53,6 | S=(0,0);(0,1);(2,2) | I=(0,0) | sp=883,1,1 | ip=1
0,1,0 | 12,53,6 | S=(0,0);(0,1);(2,2) | I=(0,0) | sp=883,1,882 | ip=1
0,1,0 | 12,53,6 | S=(0,0);(0,1);(2,2) | I=(0,0) | sp=883,1,22 | ip=1
0,1,0 | 12,53,6 | S=(0,0);(0,1);(2,2) | I=(0,0) | sp=883,1,912 | ip=1
0,1,0 | 12,53,6 | S=(0,0);(0,1);(2,2) | I=(0,0) | sp=883,1,934 | ip=1
0,1,0 | 12,53,6 | S=(0,0);(0,1);(2,2) | I=(0,0) | sp=883,1,1 | ip=882
0,1,0 | 12,53,6 | S=(0,0);(0,1);(2,2) | I=(0,0) | sp=883,1,912 | ip=882
0,1,0 | 12,53,6 | S=(0,0);(0,1);(2,2) | I=(0,0) | sp=883,882,1 | ip=1
0,1,0 | 12,53,6 | S=(0,0);(0,1);(2,2) | I=(0,0) | sp=883,882,912 | ip=1
0,1,0 | 12,53,6 | S=(0,0);(0,1);(2,2) | I=(0,0) | sp=884,1,1 | ip=1
0,1,0 | 12,53,6 | S=(0,0);(0,1);(2,2) | I=(0,0) | sp=884,1,912 | ip=1
0,1,0 | 12,53,6 | S=(0,0);(0,1);(2,2) | I=(0,0) | sp=24,1,1 | ip=1
0,1,0 | 12,53,6 | S=(0,0);(0,1);(2,2) | I=(0,0) | sp=24,1,912 | ip=1
0,1,0 | 12,53,6 | S=(0,0);(0,1);(2,2) | I=(0,0) | sp=93,1,1 | ip=1
0,1,0 | 12,53,6 | S=(0,0);(0,1);(2,2) | I=(0,0) | sp=93,1,882 | ip=1
0,1,0 | 12,53,6 | S=(0,0);(0,1);(2,2) | I=(0,0) | sp=93,1,22 | ip=1
0,1,0 | 12,53,6 | S=(0,0);(0,1);(2,2) | I=(0,0) | sp=93,1,912 | ip=1
0,1,0 | 12,53,6 | S=(0,0);(0,1);(2,2) | I=(0,0) | sp=918,1,1 | ip=1
0,1,0 | 12,54,6 | S=(0,0);(0,1);(2,2) | I=(0,0) | sp=1,1,1 | ip=1
0,1,0 | 12,54,6 | S=(0,0);(0,1);(2,2) | I=(0,0) | sp=1,1,912 | ip=1
0,1,0 | 12,54,6 | S=(0,0);(0,1);(2,2) | I=(0,0) | sp=1,1,1 | ip=882
0,1,0 | 12,54,6 | S=(0,0);(0,1);(2,2) | I=(0,0) | sp=1,1,912 | ip=882
0,1,0 | 12,54,6 | S=(0,0);(0,1);(2,2) | I=(0,0) | sp=1,1,1 | ip=883
0,1,0 | 12,54,6 | S=(0,0);(0,1);(2,2) | I=(0,0) | sp=1,882,1 | ip=1
0,1,0 | 12,54,6 | S=(0,0);(0,1);(2,2) | I=(0,0) | sp=1,882,912 | ip=1
0,1,0 | 12,54,6 | S=(0,0);(0,1);(2,2) | I=(0,0) | sp=1,882,1 | ip=882
0,1,0 | 12,54,6 | S=(0,0);(0,1);(2,2) | I=(0,0) | sp=1,883,1 | ip=1
0,1,0 | 12,54,6 | S=(0,0);(0,1);(2,2) | I=(0,0) | sp=1,93,1 | ip=1
0,1,0 | 12,54,6 | S=(0,0);(0,1);(2,2) | I=(0,0) | sp=882,1,1 | ip=1
0,1,0 | 12,54,6 | S=(0,0);(0,1);(2,2) | I=(0,0) | sp=882,1,912 | ip=1
0,1,0 | 12,54,6 | S=(0,0);(0,1);(2,2) | I=(0,0) | sp=882,1,1 | ip=882
0,1,0 | 12,54,6 | S=(0,0);(0,1);(2,2) | I=(0,0) | sp=882,882,1 | ip=1
0,1,0 | 12,54,6 | S=(0,0);(0,1);(2,2) | I=(0,0) | sp=883,1,1 | ip=1
0,1,0 | 12,54,6 | S=(0,0);(0,1);(2,2) | I=(0,0) | sp=93,1,1 | ip=1
0,1,0 | 12,54,7 | S=(0,0);(0,1);(2,2) | I=(0,0) | sp=1,1,1 | ip=1
0,1,0 | 12,54,7 | S=(0,0);(0,1);(2,2) | I=(0,0) | sp=1,1,882 | ip=1
0,1,0 | 12,54,7 | S=(0,0);(0,1);(2,2) | I=(0,0) | sp=1,1,97 | ip=1
0,1,0 | 12,54,7 | S=(0,0);(0,1);(2,2) | I=(0,0) | sp=1,1,98 | ip=1
0,1,0 | 12,54,7 | S=(0,0);(0,1);(2,2) | I=(0,0) | sp=1,1,1 | ip=882
0,1,0 | 12,54,7 | S=(0,0);(0,1);(2,2) | I=(0,0) | sp=1,1,882 | ip=882
0,1,0 | 12,54,7 | S=(0,0);(0,1);(2,2) | I=(0,0) | sp=1,1,97 | ip=882
0,1,0 | 12,54,7 | S=(0,0);(0,1);(2,2) | I=(0,0) | sp=1,1,1 | ip=883
0,1,0 | 12,54,7 | S=(0,0);(0,1);(2,2) | I=(0,0) | sp=1,1,882 | ip=883
0,1,0 | 12,54,7 | S=(0,0);(0,1);(2,2) | I=(0,0) | sp=1,882,1 | ip=1
0,1,0 | 12,54,7 | S=(0,0);(0,1);(2,2) | I=(0,0) | sp=1,882,882 | ip=1
0,1,0 | 12,54,7 | S=(0,0);(0,1);(2,2) | I=(0,0) | sp=1,882,97 | ip=1
0,1,0 | 12,54,7 | S=(0,0);(0,1);(2,2) | I=(0,0) | sp=1,882,1 | ip=882
0,1,0 | 12,54,7 | S=(0,0);(0,1);(2,2) | I=(0,0) | sp=1,882,882 | ip=882
0,1,0 | 12,54,7 | S=(0,0);(0,1);(2,2) | I=(0,0) | sp=1,882,1 | ip=883
0,1,0 | 12,54,7 | S=(0,0);(0,1);(2,2) | I=(0,0) | sp=1,883,1 | ip=1
0,1,0 | 12,54,7 | S=(0,0);(0,1);(2,2) | I=(0,0) | sp=1,883,882 | ip=1
0,1,0 | 12,54,7 | S=(0,0);(0,1);(2,2) | I=(0,0) | sp=1,883,1 | ip=882
0,1,0 | 12,54,7 | S=(0,0);(0,1);(2,2) | I=(0,0) | sp=1,884,1 | ip=1
0,1,0 | 12,54,7 | S=(0,0);(0,1);(2,2) | I=(0,0) | sp=1,24,1 | ip=1
0,1,0 | 12,54,7 | S=(0,0);(0,1);(2,2) | I=(0,0) | sp=1,93,1 | ip=1
0,1,0 | 12,54,7 | S=(0,0);(0,1);(2,2) | I=(0,0) | sp=1,93,882 | ip=1
0,1,0 | 12,54,7 | S=(0,0);(0,1);(2,2) | I=(0,0) | sp=1,918,1 | ip=1
0,1,0 | 12,54,7 | S=(0,0);(0,1);(2,2) | I=(0,0) | sp=882,1,1 | ip=1
0,1,0 | 12,54,7 | S=(0,0);(0,1);(2,2) | I=(0,0) | sp=882,1,882 | ip=1
0,1,0 | 12,54,7 | S=(0,0);(0,1);(2,2) | I=(0,0) | sp=882,1,97 | ip=1
0,1,0 | 12,54,7 | S=(0,0);(0,1);(2,2) | I=(0,0) | sp=882,1,1 | ip=882
0,1,0 | 12,54,7 | S=(0,0);(0,1);(2,2) | I=(0,0) | sp=882,1,882 | ip=882
0,1,0 | 12,54,7 | S=(0,0);(0,1);(2,2) | I=(0,0) | sp=882,1,1 | ip=883
0,1,0 | 12,54,7 | S=(0,0);(0,1);(2,2) | I=(0,0) | sp=882,882,1 | ip=1
0,1,0 | 12,54,7 | S=(0,0);(0,1);(2,2) | I=(0,0) | sp=882,882,882 | ip=1
0,1,0 | 12,54,7 | S=(0,0);(0,1);(2,2) | I=(0,0) | sp=882,882,1 | ip=882
0,1,0 | 12,54,7 | S=(0,0);(0,1);(2,2) | I=(0,0) | sp=882,883,1 | ip=1
0,1,0 | 12,54,7 | S=(0,0);(0,1);(2,2) | I=(0,0) | sp=883,1,1 | ip=1
0,1,0 | 12,54,7 | S=(0,0);(0,1);(2,2) | I=(0,0) | sp=883,1,882 | ip=1
0,1,0 | 12,54,7 | S=(0,0);(0,1);(2,2) | I=(0,0) | sp=883,1,1 | ip=882
0,1,0 | 12,54,7 | S=(0,0);(0,1);(2,2) | I=(0,0) | sp=883,882,1 | ip=1
0,1,0 | 12,54,7 | S=(0,0);(0,1);(2,2) | I=(0,0) | sp=884,1,1 | ip=1
0,1,0 | 12,54,7 | S=(0,0);(0,1);(2,2) | I=(0,0) | sp=24,1,1 | ip=1
0,1,0 | 12,54,7 | S=(0,0);(0,1);(2,2) | I=(0,0) | sp=93,1,1 | ip=1
0,1,0 | 12,54,7 | S=(0,0);(0,1);(2,2) | I=(0,0) | sp=93,1,882 | ip=1
0,1,0 | 12,54,7 | S=(0,0);(0,1);(2,2) | I=(0,0) | sp=918,1,1 | ip=1
0,1,0 | 12,54,8 | S=(0,0);(0,1);(2,2) | I=(0,0) | sp=1,1,1 | ip=1
0,1,0 | 12,54,8 | S=(0,0);(0,1);(2,2) | I=(0,0) | sp=1,1,882 | ip=1
0,1,0 | 12,54,8 | S=(0,0);(0,1);(2,2) | I=(0,0) | sp=1,1,883 | ip=1
0,1,0 | 12,54,8 | S=(0,0);(0,1);(2,2) | I=(0,0) | sp=1,1,23 | ip=1
0,1,0 | 12,54,8 | S=(0,0);(0,1);(2,2) | I=(0,0) | sp=1,1,33 | ip=1
0,1,0 | 12,54,8 | S=(0,0);(0,1);(2,2) | I=(0,0) | sp=1,1,93 | ip=1
0,1,0 | 12,54,8 | S=(0,0);(0,1);(2,2) | I=(0,0) | sp=1,1,97 | ip=1
0,1,0 | 12,54,8 | S=(0,0);(0,1);(2,2) | I=(0,0) | sp=1,1,98 | ip=1
0,1,0 | 12,54,8 | S=(0,0);(0,1);(2,2) | I=(0,0) | sp=1,1,9913 | ip=1
0,1,0 | 12,54,8 | S=(0,0);(0,1);(2,2) | I=(0,0) | sp=1,1,924 | ip=1
0,1,0 | 12,54,8 | S=(0,0);(0,1);(2,2) | I=(0,0) | sp=1,1,925 | ip=1
0,1,0 | 12,54,8 | S=(0,0);(0,1);(2,2) | I=(0,0) | sp=1,1,929 | ip=1
0,1,0 | 12,54,8 | S=(0,0);(0,1);(2,2) | I=(0,0) | sp=1,1,1 | ip=882
0,1,0 | 12,54,8 | S=(0,0);(0,1);(2,2) | I=(0,0) | sp=1,1,882 | ip=882
0,1,0 | 12,54,8 | S=(0,0);(0,1);(2,2) | I=(0,0) | sp=1,1,883 | ip=882
0,1,0 | 12,54,8 | S=(0,0);(0,1);(2,2) | I=(0,0) | sp=1,1,23 | ip=882
0,1,0 | 12,54,8 | S=(0,0);(0,1);(2,2) | I=(0,0) | sp=1,1,33 | ip=882
0,1,0 | 12,54,8 | S=(0,0);(0,1);(2,2) | I=(0,0) | sp=1,1,93 | ip=882
0,1,0 | 12,54,8 | S=(0,0);(0,1);(2,2) | I=(0,0) | sp=1,1,97 | ip=882
0,1,0 | 12,54,8 | S=(0,0);(0,1);(2,2) | I=(0,0) | sp=1,1,98 | ip=882
0,1,0 | 12,54,8 | S=(0,0);(0,1);(2,2) | I=(0,0) | sp=1,1,9913 | ip=882
0,1,0 | 12,54,8 | S=(0,0);(0,1);(2,2) | I=(0,0) | sp=1,1,924 | ip=882
0,1,0 | 12,54,8 | S=(0,0);(0,1);(2,2) | I=(0,0) | sp=1,1,925 | ip=882
0,1,0 | 12,54,8 | S=(0,0);(0,1);(2,2) | I=(0,0) | sp=1,1,1 | ip=883
0,1,0 | 12,54,8 | S=(0,0);(0,1);(2,2) | I=(0,0) | sp=1,1,882 | ip=883
0,1,0 | 12,54,8 | S=(0,0);(0,1);(2,2) | I=(0,0) | sp=1,1,883 | ip=883
0,1,0 | 12,54,8 | S=(0,0);(0,1);(2,2) | I=(0,0) | sp=1,1,23 | ip=883
0,1,0 | 12,54,8 | S=(0,0);(0,1);(2,2) | I=(0,0) | sp=1,1,33 | ip=883
0,1,0 | 12,54,8 | S=(0,0);(0,1);(2,2) | I=(0,0) | sp=1,1,97 | ip=883
0,1,0 | 12,54,8 | S=(0,0);(0,1);(2,2) | I=(0,0) | sp=1,1,98 | ip=883
0,1,0 | 12,54,8 | S=(0,0);(0,1);(2,2) | I=(0,0) | sp=1,1,924 | ip=883
0,1,0 | 12,54,8 | S=(0,0);(0,1);(2,2) | I=(0,0) | sp=1,882,1 | ip=1
0,1,0 | 12,54,8 | S=(0,0);(0,1);(2,2) | I=(0,0) | sp=1,882,882 | ip=1
0,1,0 | 12,54,8 | S=(0,0);(0,1);(2,2) | I=(0,0) | sp=1,882,883 | ip=1
0,1,0 | 12,54,8 | S=(0,0);(0,1);(2,2) | I=(0,0) | sp=1,882,23 | ip=1
0,1,0 | 12,54,8 | S=(0,0);(0,1);(2,2) | I=(0,0) | sp=1,882,33 | ip=1
0,1,0 | 12,54,8 | S=(0,0);(0,1);(2,2) | I=(0,0) | sp=1,882,93 | ip=1
0,1,0 | 12,54,8 | S=(0,0);(0,1);(2,2) | I=(0,0) | sp=1,882,97 | ip=1
0,1,0 | 12,54,8 | S=(0,0);(0,1);(2,2) | I=(0,0) | sp=1,882,98 | ip=1
0,1,0 | 12,54,8 | S=(0,0);(0,1);(2,2) | I=(0,0) | sp=1,882,9913 | ip=1
0,1,0 | 12,54,8 | S=(0,0);(0,1);(2,2) | I=(0,0) | sp=1,882,924 | ip=1
0,1,0 | 12,54,8 | S=(0,0);(0,1);(2,2) | I=(0,0) | sp=1,882,925 | ip=1
0,1,0 | 12,54,8 | S=(0,0);(0,1);(2,2) | I=(0,0) | sp=1,882,1 | ip=882
0,1,0 | 12,54,8 | S=(0,0);(0,1);(2,2) | I=(0,0) | sp=1,882,882 | ip=882
0,1,0 | 12,54,8 | S=(0,0);(0,1);(2,2) | I=(0,0) | sp=1,882,883 | ip=882
0,1,0 | 12,54,8 | S=(0,0);(0,1);(2,2) | I=(0,0) | sp=1,882,23 | ip=882
0,1,0 | 12,54,8 | S=(0,0);(0,1);(2,2) | I=(0,0) | sp=1,882,33 | ip=882
0,1,0 | 12,54,8 | S=(0,0);(0,1);(2,2) | I=(0,0) | sp=1,882,97 | ip=882
0,1,0 | 12,54,8 | S=(0,0);(0,1);(2,2) | I=(0,0) | sp=1,882,98 | ip=882
0,1,0 | 12,54,8 | S=(0,0);(0,1);(2,2) | I=(0,0) | sp=1,882,924 | ip=882
0,1,0 | 12,54,8 | S=(0,0);(0,1);(2,2) | I=(0,0) | sp=1,882,1 | ip=883
0,1,0 | 12,54,8 | S=(0,0);(0,1);(2,2) | I=(0,0) | sp=1,882,882 | ip=883
0,1,0 | 12,54,8 | S=(0,0);(0,1);(2,2) | I=(0,0) | sp=1,882,97 | ip=883
0,1,0 | 12,54,8 | S=(0,0);(0,1);(2,2) | I=(0,0) | sp=1,882,98 | ip=883
0,1,0 | 12,54,8 | S=(0,0);(0,1);(2,2) | I=(0,0) | sp=1,883,1 | ip=1
0,1,0 | 12,54,8 | S=(0,0);(0,1);(2,2) | I=(0,0) | sp=1,883,882 | ip=1
0,1,0 | 12,54,8 | S=(0,0);(0,1);(2,2) | I=(0,0) | sp=1,883,883 | ip=1
0,1,0 | 12,54,8 | S=(0,0);(0,1);(2,2) | I=(0,0) | sp=1,883,23 | ip=1
0,1,0 | 12,54,8 | S=(0,0);(0,1);(2,2) | I=(0,0) | sp=1,883,33 | ip=1
0,1,0 | 12,54,8 | S=(0,0);(0,1);(2,2) | I=(0,0) | sp=1,883,97 | ip=1
0,1,0 | 12,54,8 | S=(0,0);(0,1);(2,2) | I=(0,0) | sp=1,883,98 | ip=1
0,1,0 | 12,54,8 | S=(0,0);(0,1);(2,2) | I=(0,0) | sp=1,883,924 | ip=1
0,1,0 | 12,54,8 | S=(0,0);(0,1);(2,2) | I=(0,0) | sp=1,883,1 | ip=882
0,1,0 | 12,54,8 | S=(0,0);(0,1);(2,2) | I=(0,0) | sp=1,883,882 | ip=882
0,1,0 | 12,54,8 | S=(0,0);(0,1);(2,2) | I=(0,0) | sp=1,883,97 | ip=882
0,1,0 | 12,54,8 | S=(0,0);(0,1);(2,2) | I=(0,0) | sp=1,883,98 | ip=882
0,1,0 | 12,54,8 | S=(0,0);(0,1);(2,2) | I=(0,0) | sp=1,884,1 | ip=1
0,1,0 | 12,54,8 | S=(0,0);(0,1);(2,2) | I=(0,0) | sp=1,884,882 | ip=1
0,1,0 | 12,54,8 | S=(0,0);(0,1);(2,2) | I=(0,0) | sp=1,884,97 | ip=1
0,1,0 | 12,54,8 | S=(0,0);(0,1);(2,2) | I=(0,0) | sp=1,884,98 | ip=1
0,1,0 | 12,54,8 | S=(0,0);(0,1);(2,2) | I=(0,0) | sp=1,24,1 | ip=1
0,1,0 | 12,54,8 | S=(0,0);(0,1);(2,2) | I=(0,0) | sp=1,24,882 | ip=1
0,1,0 | 12,54,8 | S=(0,0);(0,1);(2,2) | I=(0,0) | sp=1,24,97 | ip=1
0,1,0 | 12,54,8 | S=(0,0);(0,1);(2,2) | I=(0,0) | sp=1,24,98 | ip=1
0,1,0 | 12,54,8 | S=(0,0);(0,1);(2,2) | I=(0,0) | sp=1,93,1 | ip=1
0,1,0 | 12,54,8 | S=(0,0);(0,1);(2,2) | I=(0,0) | sp=1,93,882 | ip=1
0,1,0 | 12,54,8 | S=(0,0);(0,1);(2,2) | I=(0,0) | sp=1,93,883 | ip=1
0,1,0 | 12,54,8 | S=(0,0);(0,1);(2,2) | I=(0,0) | sp=1,93,23 | ip=1
0,1,0 | 12,54,8 | S=(0,0);(0,1);(2,2) | I=(0,0) | sp=1,93,33 | ip=1
0,1,0 | 12,54,8 | S=(0,0);(0,1);(2,2) | I=(0,0) | sp=1,93,97 | ip=1
0,1,0 | 12,54,8 | S=(0,0);(0,1);(2,2) | I=(0,0) | sp=1,93,98 | ip=1
0,1,0 | 12,54,8 | S=(0,0);(0,1);(2,2) | I=(0,0) | sp=1,93,1 | ip=882
0,1,0 | 12,54,8 | S=(0,0);(0,1);(2,2) | I=(0,0) | sp=1,9912,1 | ip=1
0,1,0 | 12,54,8 | S=(0,0);(0,1);(2,2) | I=(0,0) | sp=1,918,1 | ip=1
0,1,0 | 12,54,8 | S=(0,0);(0,1);(2,2) | I=(0,0) | sp=1,918,882 | ip=1
0,1,0 | 12,54,8 | S=(0,0);(0,1);(2,2) | I=(0,0) | sp=882,1,1 | ip=1
0,1,0 | 12,54,8 | S=(0,0);(0,1);(2,2) | I=(0,0) | sp=882,1,882 | ip=1
0,1,0 | 12,54,8 | S=(0,0);(0,1);(2,2) | I=(0,0) | sp=882,1,883 | ip=1
0,1,0 | 12,54,8 | S=(0,0);(0,1);(2,2) | I=(0,0) | sp=882,1,23 | ip=1
0,1,0 | 12,54,8 | S=(0,0);(0,1);(2,2) | I=(0,0) | sp=882,1,33 | ip=1
0,1,0 | 12,54,8 | S=(0,0);(0,1);(2,2) | I=(0,0) | sp=882,1,93 | ip=1
0,1,0 | 12,54,8 | S=(0,0);(0,1);(2,2) | I=(0,0) | sp=882,1,97 | ip=1
0,1,0 | 12,54,8 | S=(0,0);(0,1);(2,2) | I=(0,0) | sp=882,1,98 | ip=1
0,1,0 | 12,54,8 | S=(0,0);(0,1);(2,2) | I=(0,0) | sp=882,1,9913 | ip=1
0,1,0 | 12,54,8 | S=(0,0);(0,1);(2,2) | I=(0,0) | sp=882,1,924 | ip=1
0,1,0 | 12,54,8 | S=(0,0);(0,1);(2,2) | I=(0,0) | sp=882,1,925 | ip=1
0,1,0 | 12,54,8 | S=(0,0);(0,1);(2,2) | I=(0,0) | sp=882,1,1 | ip=882
0,1,0 | 12,54,8 | S=(0,0);(0,1);(2,2) | I=(0,0) | sp=882,1,882 | ip=882
0,1,0 | 12,54,8 | S=(0,0);(0,1);(2,2) | I=(0,0) | sp=882,1,883 | ip=882
0,1,0 | 12,54,8 | S=(0,0);(0,1);(2,2) | I=(0,0) | sp=882,1,23 | ip=882
0,1,0 | 12,54,8 | S=(0,0);(0,1);(2,2) | I=(0,0) | sp=882,1,33 | ip=882
0,1,0 | 12,54,8 | S=(0,0);(0,1);(2,2) | I=(0,0) | sp=882,1,97 | ip=882
0,1,0 | 12,54,8 | S=(0,0);(0,1);(2,2) | I=(0,0) | sp=882,1,98 | ip=882
0,1,0 | 12,54,8 | S=(0,0);(0,1);(2,2) | I=(0,0) | sp=882,1,924 | ip=882
0,1,0 | 12,54,8 | S=(0,0);(0,1);(2,2) | I=(0,0) | sp=882,1,1 | ip=883
0,1,0 | 12,54,8 | S=(0,0);(0,1);(2,2) | I=(0,0) | sp=882,1,882 | ip=883
0,1,0 | 12,54,8 | S=(0,0);(0,1);(2,2) | I=(0,0) | sp=882,1,97 | ip=883
0,1,0 | 12,54,8 | S=(0,0);(0,1);(2,2) | I=(0,0) | sp=882,1,98 | ip=883
0,1,0 | 12,54,8 | S=(0,0);(0,1);(2,2) | I=(0,0) | sp=882,882,1 | ip=1
0,1,0 | 12,54,8 | S=(0,0);(0,1);(2,2) | I=(0,0) | sp=882,882,882 | ip=1
0,1,0 | 12,54,8 | S=(0,0);(0,1);(2,2) | I=(0,0) | sp=882,882,883 | ip=1
0,1,0 | 12,54,8 | S=(0,0);(0,1);(2,2) | I=(0,0) | sp=882,882,23 | ip=1
0,1,0 | 12,54,8 | S=(0,0);(0,1);(2,2) | I=(0,0) | sp=882,882,33 | ip=1
0,1,0 | 12,54,8 | S=(0,0);(0,1);(2,2) | I=(0,0) | sp=882,882,97 | ip=1
0,1,0 | 12,54,8 | S=(0,0);(0,1);(2,2) | I=(0,0) | sp=882,882,98 | ip=1
0,1,0 | 12,54,8 | S=(0,0);(0,1);(2,2) | I=(0,0) | sp=882,882,924 | ip=1
0,1,0 | 12,54,8 | S=(0,0);(0,1);(2,2) | I=(0,0) | sp=882,882,1 | ip=882
0,1,0 | 12,54,8 | S=(0,0);(0,1);(2,2) | I=(0,0) | sp=882,882,882 | ip=882
0,1,0 | 12,54,8 | S=(0,0);(0,1);(2,2) | I=(0,0) | sp=882,882,97 | ip=882
0,1,0 | 12,54,8 | S=(0,0);(0,1);(2,2) | I=(0,0) | sp=882,882,98 | ip=882
0,1,0 | 12,54,8 | S=(0,0);(0,1);(2,2) | I=(0,0) | sp=882,883,1 | ip=1
0,1,0 | 12,54,8 | S=(0,0);(0,1);(2,2) | I=(0,0) | sp=882,883,882 | ip=1
0,1,0 | 12,54,8 | S=(0,0);(0,1);(2,2) | I=(0,0) | sp=882,883,97 | ip=1
0,1,0 | 12,54,8 | S=(0,0);(0,1);(2,2) | I=(0,0) | sp=882,883,98 | ip=1
0,1,0 | 12,54,8 | S=(0,0);(0,1);(2,2) | I=(0,0) | sp=882,93,1 | ip=1
0,1,0 | 12,54,8 | S=(0,0);(0,1);(2,2) | I=(0,0) | sp=883,1,1 | ip=1
0,1,0 | 12,54,8 | S=(0,0);(0,1);(2,2) | I=(0,0) | sp=883,1,882 | ip=1
0,1,0 | 12,54,8 | S=(0,0);(0,1);(2,2) | I=(0,0) | sp=883,1,883 | ip=1
0,1,0 | 12,54,8 | S=(0,0);(0,1);(2,2) | I=(0,0) | sp=883,1,23 | ip=1
0,1,0 | 12,54,8 | S=(0,0);(0,1);(2,2) | I=(0,0) | sp=883,1,33 | ip=1
0,1,0 | 12,54,8 | S=(0,0);(0,1);(2,2) | I=(0,0) | sp=883,1,97 | ip=1
0,1,0 | 12,54,8 | S=(0,0);(0,1);(2,2) | I=(0,0) | sp=883,1,98 | ip=1
0,1,0 | 12,54,8 | S=(0,0);(0,1);(2,2) | I=(0,0) | sp=883,1,924 | ip=1
0,1,0 | 12,54,8 | S=(0,0);(0,1);(2,2) | I=(0,0) | sp=883,1,1 | ip=882
0,1,0 | 12,54,8 | S=(0,0);(0,1);(2,2) | I=(0,0) | sp=883,1,882 | ip=882
0,1,0 | 12,54,8 | S=(0,0);(0,1);(2,2) | I=(0,0) | sp=883,1,97 | ip=882
0,1,0 | 12,54,8 | S=(0,0);(0,1);(2,2) | I=(0,0) | sp=883,1,98 | ip=882
0,1,0 | 12,54,8 | S=(0,0);(0,1);(2,2) | I=(0,0) | sp=883,882,1 | ip=1
0,1,0 | 12,54,8 | S=(0,0);(0,1);(2,2) | I=(0,0) | sp=883,882,882 | ip=1
0,1,0 | 12,54,8 | S=(0,0);(0,1);(2,2) | I=(0,0) | sp=883,882,97 | ip=1
0,1,0 | 12,54,8 | S=(0,0);(0,1);(2,2) | I=(0,0) | sp=883,882,98 | ip=1
0,1,0 | 12,54,8 | S=(0,0);(0,1);(2,2) | I=(0,0) | sp=884,1,1 | ip=1
0,1,0 | 12,54,8 | S=(0,0);(0,1);(2,2) | I=(0,0) | sp=884,1,882 | ip=1
0,1,0 | 12,54,8 | S=(0,0);(0,1);(2,2) | I=(0,0) | sp=884,1,97 | ip=1
0,1,0 | 12,54,8 | S=(0,0);(0,1);(2,2) | I=(0,0) | sp=884,1,98 | ip=1
0,1,0 | 12,54,8 | S=(0,0);(0,1);(2,2) | I=(0,0) | sp=24,1,1 | ip=1
0,1,0 | 12,54,8 | S=(0,0);(0,1);(2,2) | I=(0,0) | sp=24,1,882 | ip=1
0,1,0 | 12,54,8 | S=(0,0);(0,1);(2,2) | I=(0,0) | sp=24,1,97 | ip=1
0,1,0 | 12,54,8 | S=(0,0);(0,1);(2,2) | I=(0,0) | sp=24,1,98 | ip=1
0,1,0 | 12,54,8 | S=(0,0);(0,1);(2,2) | I=(0,0) | sp=93,1,1 | ip=1
0,1,0 | 12,54,8 | S=(0,0);(0,1);(2,2) | I=(0,0) | sp=93,1,882 | ip=1
0,1,0 | 12,54,8 | S=(0,0);(0,1);(2,2) | I=(0,0) | sp=93,1,883 | ip=1
0,1,0 | 12,54,8 | S=(0,0);(0,1);(2,2) | I=(0,0) | sp=93,1,23 | ip=1
0,1,0 | 12,54,8 | S=(0,0);(0,1);(2,2) | I=(0,0) | sp=93,1,33 | ip=1
0,1,0 | 12,54,8 | S=(0,0);(0,1);(2,2) | I=(0,0) | sp=93,1,97 | ip=1
0,1,0 | 12,54,8 | S=(0,0);(0,1);(2,2) | I=(0,0) | sp=93,1,98 | ip=1
0,1,0 | 12,54,8 | S=(0,0);(0,1);(2,2) | I=(0,0) | sp=93,1,1 | ip=882
0,1,0 | 12,54,8 | S=(0,0);(0,1);(2,2) | I=(0,0) | sp=93,882,1 | ip=1
0,1,0 | 12,54,8 | S=(0,0);(0,1);(2,2) | I=(0,0) | sp=9912,1,1 | ip=1
0,1,0 | 12,54,8 | S=(0,0);(0,1);(2,2) | I=(0,0) | sp=918,1,1 | ip=1
0,1,0 | 12,54,8 | S=(0,0);(0,1);(2,2) | I=(0,0) | sp=918,1,882 | ip=1
0,1,0 | 12,55,7 | S=(0,0);(0,1);(2,2) | I=(0,0) | sp=1,1,1 | ip=1
0,1,0 | 12,55,7 | S=(0,0);(0,1);(2,2) | I=(0,0) | sp=1,1,1 | ip=882
0,1,0 | 12,55,7 | S=(0,0);(0,1);(2,2) | I=(0,0) | sp=1,1,1 | ip=883
0,1,0 | 12,55,7 | S=(0,0);(0,1);(2,2) | I=(0,0) | sp=1,882,1 | ip=1
0,1,0 | 12,55,7 | S=(0,0);(0,1);(2,2) | I=(0,0) | sp=1,882,1 | ip=882
0,1,0 | 12,55,7 | S=(0,0);(0,1);(2,2) | I=(0,0) | sp=1,883,1 | ip=1
0,1,0 | 12,55,7 | S=(0,0);(0,1);(2,2) | I=(0,0) | sp=1,93,1 | ip=1
0,1,0 | 12,55,7 | S=(0,0);(0,1);(2,2) | I=(0,0) | sp=882,1,1 | ip=1
0,1,0 | 12,55,7 | S=(0,0);(0,1);(2,2) | I=(0,0) | sp=882,1,1 | ip=882
0,1,0 | 12,55,7 | S=(0,0);(0,1);(2,2) | I=(0,0) | sp=882,882,1 | ip=1
0,1,0 | 12,55,7 | S=(0,0);(0,1);(2,2) | I=(0,0) | sp=883,1,1 | ip=1
0,1,0 | 12,55,7 | S=(0,0);(0,1);(2,2) | I=(0,0) | sp=93,1,1 | ip=1
0,1,0 | 12,55,8 | S=(0,0);(0,1);(2,2) | I=(0,0) | sp=1,1,1 | ip=1
0,1,0 | 12,55,8 | S=(0,0);(0,1);(2,2) | I=(0,0) | sp=1,1,882 | ip=1
0,1,0 | 12,55,8 | S=(0,0);(0,1);(2,2) | I=(0,0) | sp=1,1,97 | ip=1
0,1,0 | 12,55,8 | S=(0,0);(0,1);(2,2) | I=(0,0) | sp=1,1,98 | ip=1
0,1,0 | 12,55,8 | S=(0,0);(0,1);(2,2) | I=(0,0) | sp=1,1,1 | ip=882
0,1,0 | 12,55,8 | S=(0,0);(0,1);(2,2) | I=(0,0) | sp=1,1,882 | ip=882
0,1,0 | 12,55,8 | S=(0,0);(0,1);(2,2) | I=(0,0) | sp=1,1,97 | ip=882
0,1,0 | 12,55,8 | S=(0,0);(0,1);(2,2) | I=(0,0) | sp=1,1,1 | ip=883
0,1,0 | 12,55,8 | S=(0,0);(0,1);(2,2) | I=(0,0) | sp=1,1,882 | ip=883
0,1,0 | 12,55,8 | S=(0,0);(0,1);(2,2) | I=(0,0) | sp=1,882,1 | ip=1
0,1,0 | 12,55,8 | S=(0,0);(0,1);(2,2) | I=(0,0) | sp=1,882,882 | ip=1
0,1,0 | 12,55,8 | S=(0,0);(0,1);(2,2) | I=(0,0) | sp=1,882,97 | ip=1
0,1,0 | 12,55,8 | S=(0,0);(0,1);(2,2) | I=(0,0) | sp=1,882,1 | ip=882
0,1,0 | 12,55,8 | S=(0,0);(0,1);(2,2) | I=(0,0) | sp=1,882,882 | ip=882
0,1,0 | 12,55,8 | S=(0,0);(0,1);(2,2) | I=(0,0) | sp=1,882,1 | ip=883
0,1,0 | 12,55,8 | S=(0,0);(0,1);(2,2) | I=(0,0) | sp=1,883,1 | ip=1
0,1,0 | 12,55,8 | S=(0,0);(0,1);(2,2) | I=(0,0) | sp=1,883,882 | ip=1
0,1,0 | 12,55,8 | S=(0,0);(0,1);(2,2) | I=(0,0) | sp=1,883,1 | ip=882
0,1,0 | 12,55,8 | S=(0,0);(0,1);(2,2) | I=(0,0) | sp=1,884,1 | ip=1
0,1,0 | 12,55,8 | S=(0,0);(0,1);(2,2) | I=(0,0) | sp=1,24,1 | ip=1
0,1,0 | 12,55,8 | S=(0,0);(0,1);(2,2) | I=(0,0) | sp=1,93,1 | ip=1
0,1,0 | 12,55,8 | S=(0,0);(0,1);(2,2) | I=(0,0) | sp=1,93,882 | ip=1
0,1,0 | 12,55,8 | S=(0,0);(0,1);(2,2) | I=(0,0) | sp=1,918,1 | ip=1
0,1,0 | 12,55,8 | S=(0,0);(0,1);(2,2) | I=(0,0) | sp=882,1,1 | ip=1
0,1,0 | 12,55,8 | S=(0,0);(0,1);(2,2) | I=(0,0) | sp=882,1,882 | ip=1
0,1,0 | 12,55,8 | S=(0,0);(0,1);(2,2) | I=(0,0) | sp=882,1,97 | ip=1
0,1,0 | 12,55,8 | S=(0,0);(0,1);(2,2) | I=(0,0) | sp=882,1,1 | ip=882
0,1,0 | 12,55,8 | S=(0,0);(0,1);(2,2) | I=(0,0) | sp=882,1,882 | ip=882
0,1,0 | 12,55,8 | S=(0,0);(0,1);(2,2) | I=(0,0) | sp=882,1,1 | ip=883
0,1,0 | 12,55,8 | S=(0,0);(0,1);(2,2) | I=(0,0) | sp=882,882,1 | ip=1
0,1,0 | 12,55,8 | S=(0,0);(0,1);(2,2) | I=(0,0) | sp=882,882,882 | ip=1
0,1,0 | 12,55,8 | S=(0,0);(0,1);(2,2) | I=(0,0) | sp=882,882,1 | ip=882
0,1,0 | 12,55,8 | S=(0,0);(0,1);(2,2) | I=(0,0) | sp=882,883,1 | ip=1
0,1,0 | 12,55,8 | S=(0,0);(0,1);(2,2) | I=(0,0) | sp=883,1,1 | ip=1
0,1,0 | 12,55,8 | S=(0,0);(0,1);(2,2) | I=(0,0) | sp=883,1,882 | ip=1
0,1,0 | 12,55,8 | S=(0,0);(0,1);(2,2) | I=(0,0) | sp=883,1,1 | ip=882
0,1,0 | 12,55,8 | S=(0,0);(0,1);(2,2) | I=(0,0) | sp=883,882,1 | ip=1
0,1,0 | 12,55,8 | S=(0,0);(0,1);(2,2) | I=(0,0) | sp=884,1,1 | ip=1
0,1,0 | 12,55,8 | S=(0,0);(0,1);(2,2) | I=(0,0) | sp=24,1,1 | ip=1
0,1,0 | 12,55,8 | S=(0,0);(0,1);(2,2) | I=(0,0) | sp=93,1,1 | ip=1
0,1,0 | 12,55,8 | S=(0,0);(0,1);(2,2) | I=(0,0) | sp=93,1,882 | ip=1
0,1,0 | 12,55,8 | S=(0,0);(0,1);(2,2) | I=(0,0) | sp=918,1,1 | ip=1
0,1,0 | 12,55,12 | S=(0,0);(0,1);(2,2) | I=(0,0) | sp=1,1,1 | ip=1
0,1,0 | 12,55,12 | S=(0,0);(0,1);(2,2) | I=(0,0) | sp=1,1,882 | ip=1
0,1,0 | 12,55,12 | S=(0,0);(0,1);(2,2) | I=(0,0) | sp=1,1,883 | ip=1
0,1,0 | 12,55,12 | S=(0,0);(0,1);(2,2) | I=(0,0) | sp=1,1,884 | ip=1
0,1,0 | 12,55,12 | S=(0,0);(0,1);(2,2) | I=(0,0) | sp=1,1,885 | ip=1
0,1,0 | 12,55,12 | S=(0,0);(0,1);(2,2) | I=(0,0) | sp=1,1,886 | ip=1
0,1,0 | 12,55,12 | S=(0,0);(0,1);(2,2) | I=(0,0) | sp=1,1,24 | ip=1
0,1,0 | 12,55,12 | S=(0,0);(0,1);(2,2) | I=(0,0) | sp=1,1,93 | ip=1
0,1,0 | 12,55,12 | S=(0,0);(0,1);(2,2) | I=(0,0) | sp=1,1,94 | ip=1
0,1,0 | 12,55,12 | S=(0,0);(0,1);(2,2) | I=(0,0) | sp=1,1,96 | ip=1
0,1,0 | 12,55,12 | S=(0,0);(0,1);(2,2) | I=(0,0) | sp=1,1,35 | ip=1
0,1,0 | 12,55,12 | S=(0,0);(0,1);(2,2) | I=(0,0) | sp=1,1,45 | ip=1
0,1,0 | 12,55,12 | S=(0,0);(0,1);(2,2) | I=(0,0) | sp=1,1,55 | ip=1
0,1,0 | 12,55,12 | S=(0,0);(0,1);(2,2) | I=(0,0) | sp=1,1,99930 | ip=1
0,1,0 | 12,55,12 | S=(0,0);(0,1);(2,2) | I=(0,0) | sp=1,1,996 | ip=1
0,1,0 | 12,55,12 | S=(0,0);(0,1);(2,2) | I=(0,0) | sp=1,1,9912 | ip=1
0,1,0 | 12,55,12 | S=(0,0);(0,1);(2,2) | I=(0,0) | sp=1,1,918 | ip=1
0,1,0 | 12,55,12 | S=(0,0);(0,1);(2,2) | I=(0,0) | sp=1,1,919 | ip=1
0,1,0 | 12,55,12 | S=(0,0);(0,1);(2,2) | I=(0,0) | sp=1,1,920 | ip=1
0,1,0 | 12,55,12 | S=(0,0);(0,1);(2,2) | I=(0,0) | sp=1,1,921 | ip=1
0,1,0 | 12,55,12 | S=(0,0);(0,1);(2,2) | I=(0,0) | sp=1,1,922 | ip=1
0,1,0 | 12,55,12 | S=(0,0);(0,1);(2,2) | I=(0,0) | sp=1,1,945 | ip=1
0,1,0 | 12,55,12 | S=(0,0);(0,1);(2,2) | I=(0,0) | sp=1,1,9915 | ip=1
0,1,0 | 12,55,12 | S=(0,0);(0,1);(2,2) | I=(0,0) | sp=1,1,946 | ip=1
0,1,0 | 12,55,12 | S=(0,0);(0,1);(2,2) | I=(0,0) | sp=1,1,947 | ip=1
0,1,0 | 12,55,12 | S=(0,0);(0,1);(2,2) | I=(0,0) | sp=1,1,1 | ip=882
0,1,0 | 12,55,12 | S=(0,0);(0,1);(2,2) | I=(0,0) | sp=1,1,882 | ip=882
0,1,0 | 12,55,12 | S=(0,0);(0,1);(2,2) | I=(0,0) | sp=1,1,883 | ip=882
0,1,0 | 12,55,12 | S=(0,0);(0,1);(2,2) | I=(0,0) | sp=1,1,884 | ip=882
0,1,0 | 12,55,12 | S=(0,0);(0,1);(2,2) | I=(0,0) | sp=1,1,885 | ip=882
0,1,0 | 12,55,12 | S=(0,0);(0,1);(2,2) | I=(0,0) | sp=1,1,886 | ip=882
0,1,0 | 12,55,12 | S=(0,0);(0,1);(2,2) | I=(0,0) | sp=1,1,24 | ip=882
0,1,0 | 12,55,12 | S=(0,0);(0,1);(2,2) | I=(0,0) | sp=1,1,93 | ip=882
0,1,0 | 12,55,12 | S=(0,0);(0,1);(2,2) | I=(0,0) | sp=1,1,94 | ip=882
0,1,0 | 12,55,12 | S=(0,0);(0,1);(2,2) | I=(0,0) | sp=1,1,96 | ip=882
0,1,0 | 12,55,12 | S=(0,0);(0,1);(2,2) | I=(0,0) | sp=1,1,35 | ip=882
0,1,0 | 12,55,12 | S=(0,0);(0,1);(2,2) | I=(0,0) | sp=1,1,45 | ip=882
0,1,0 | 12,55,12 | S=(0,0);(0,1);(2,2) | I=(0,0) | sp=1,1,55 | ip=882
0,1,0 | 12,55,12 | S=(0,0);(0,1);(2,2) | I=(0,0) | sp=1,1,99930 | ip=882
0,1,0 | 12,55,12 | S=(0,0);(0,1);(2,2) | I=(0,0) | sp=1,1,996 | ip=882
0,1,0 | 12,55,12 | S=(0,0);(0,1);(2,2) | I=(0,0) | sp=1,1,9912 | ip=882
0,1,0 | 12,55,12 | S=(0,0);(0,1);(2,2) | I=(0,0) | sp=1,1,918 | ip=882
0,1,0 | 12,55,12 | S=(0,0);(0,1);(2,2) | I=(0,0) | sp=1,1,919 | ip=882
0,1,0 | 12,55,12 | S=(0,0);(0,1);(2,2) | I=(0,0) | sp=1,1,920 | ip=882
0,1,0 | 12,55,12 | S=(0,0);(0,1);(2,2) | I=(0,0) | sp=1,1,921 | ip=882
0,1,0 | 12,55,12 | S=(0,0);(0,1);(2,2) | I=(0,0) | sp=1,1,922 | ip=882
0,1,0 | 12,55,12 | S=(0,0);(0,1);(2,2) | I=(0,0) | sp=1,1,945 | ip=882
0,1,0 | 12,55,12 | S=(0,0);(0,1);(2,2) | I=(0,0) | sp=1,1,9915 | ip=882
0,1,0 | 12,55,12 | S=(0,0);(0,1);(2,2) | I=(0,0) | sp=1,1,946 | ip=882
0,1,0 | 12,55,12 | S=(0,0);(0,1);(2,2) | I=(0,0) | sp=1,1,947 | ip=882
0,1,0 | 12,55,12 | S=(0,0);(0,1);(2,2) | I=(0,0) | sp=1,1,1 | ip=883
0,1,0 | 12,55,12 | S=(0,0);(0,1);(2,2) | I=(0,0) | sp=1,1,882 | ip=883
0,1,0 | 12,55,12 | S=(0,0);(0,1);(2,2) | I=(0,0) | sp=1,1,883 | ip=883
0,1,0 | 12,55,12 | S=(0,0);(0,1);(2,2) | I=(0,0) | sp=1,1,884 | ip=883
0,1,0 | 12,55,12 | S=(0,0);(0,1);(2,2) | I=(0,0) | sp=1,1,885 | ip=883
0,1,0 | 12,55,12 | S=(0,0);(0,1);(2,2) | I=(0,0) | sp=1,1,886 | ip=883
0,1,0 | 12,55,12 | S=(0,0);(0,1);(2,2) | I=(0,0) | sp=1,1,24 | ip=883
0,1,0 | 12,55,12 | S=(0,0);(0,1);(2,2) | I=(0,0) | sp=1,1,93 | ip=883
0,1,0 | 12,55,12 | S=(0,0);(0,1);(2,2) | I=(0,0) | sp=1,1,94 | ip=883
0,1,0 | 12,55,12 | S=(0,0);(0,1);(2,2) | I=(0,0) | sp=1,1,96 | ip=883
0,1,0 | 12,55,12 | S=(0,0);(0,1);(2,2) | I=(0,0) | sp=1,1,35 | ip=883
0,1,0 | 12,55,12 | S=(0,0);(0,1);(2,2) | I=(0,0) | sp=1,1,45 | ip=883
0,1,0 | 12,55,12 | S=(0,0);(0,1);(2,2) | I=(0,0) | sp=1,1,55 | ip=883
0,1,0 | 12,55,12 | S=(0,0);(0,1);(2,2) | I=(0,0) | sp=1,1,99930 | ip=883
0,1,0 | 12,55,12 | S=(0,0);(0,1);(2,2) | I=(0,0) | sp=1,1,996 | ip=883
0,1,0 | 12,55,12 | S=(0,0);(0,1);(2,2) | I=(0,0) | sp=1,1,9912 | ip=883
0,1,0 | 12,55,12 | S=(0,0);(0,1);(2,2) | I=(0,0) | sp=1,1,918 | ip=883
0,1,0 | 12,55,12 | S=(0,0);(0,1);(2,2) | I=(0,0) | sp=1,1,919 | ip=883
0,1,0 | 12,55,12 | S=(0,0);(0,1);(2,2) | I=(0,0) | sp=1,1,920 | ip=883
0,1,0 | 12,55,12 | S=(0,0);(0,1);(2,2) | I=(0,0) | sp=1,1,921 | ip=883
0,1,0 | 12,55,12 | S=(0,0);(0,1);(2,2) | I=(0,0) | sp=1,1,922 | ip=883
0,1,0 | 12,55,12 | S=(0,0);(0,1);(2,2) | I=(0,0) | sp=1,1,945 | ip=883
0,1,0 | 12,55,12 | S=(0,0);(0,1);(2,2) | I=(0,0) | sp=1,1,9915 | ip=883
0,1,0 | 12,55,12 | S=(0,0);(0,1);(2,2) | I=(0,0) | sp=1,1,946 | ip=883
0,1,0 | 12,55,12 | S=(0,0);(0,1);(2,2) | I=(0,0) | sp=1,1,947 | ip=883
0,1,0 | 12,55,12 | S=(0,0);(0,1);(2,2) | I=(0,0) | sp=1,882,1 | ip=1
0,1,0 | 12,55,12 | S=(0,0);(0,1);(2,2) | I=(0,0) | sp=1,882,882 | ip=1
0,1,0 | 12,55,12 | S=(0,0);(0,1);(2,2) | I=(0,0) | sp=1,882,883 | ip=1
0,1,0 | 12,55,12 | S=(0,0);(0,1);(2,2) | I=(0,0) | sp=1,882,884 | ip=1
0,1,0 | 12,55,12 | S=(0,0);(0,1);(2,2) | I=(0,0) | sp=1,882,885 | ip=1
0,1,0 | 12,55,12 | S=(0,0);(0,1);(2,2) | I=(0,0) | sp=1,882,886 | ip=1
0,1,0 | 12,55,12 | S=(0,0);(0,1);(2,2) | I=(0,0) | sp=1,882,24 | ip=1
0,1,0 | 12,55,12 | S=(0,0);(0,1);(2,2) | I=(0,0) | sp=1,882,93 | ip=1
0,1,0 | 12,55,12 | S=(0,0);(0,1);(2,2) | I=(0,0) | sp=1,882,94 | ip=1
0,1,0 | 12,55,12 | S=(0,0);(0,1);(2,2) | I=(0,0) | sp=1,882,96 | ip=1
0,1,0 | 12,55,12 | S=(0,0);(0,1);(2,2) | I=(0,0) | sp=1,882,35 | ip=1
0,1,0 | 12,55,12 | S=(0,0);(0,1);(2,2) | I=(0,0) | sp=1,882,45 | ip=1
0,1,0 | 12,55,12 | S=(0,0);(0,1);(2,2) | I=(0,0) | sp=1,882,55 | ip=1
0,1,0 | 12,55,12 | S=(0,0);(0,1);(2,2) | I=(0,0) | sp=1,882,99930 | ip=1
0,1,0 | 12,55,12 | S=(0,0);(0,1);(2,2) | I=(0,0) | sp=1,882,996 | ip=1
0,1,0 | 12,55,12 | S=(0,0);(0,1);(2,2) | I=(0,0) | sp=1,882,9912 | ip=1
0,1,0 | 12,55,12 | S=(0,0);(0,1);(2,2) | I=(0,0) | sp=1,882,918 | ip=1
0,1,0 | 12,55,12 | S=(0,0);(0,1);(2,2) | I=(0,0) | sp=1,882,919 | ip=1
0,1,0 | 12,55,12 | S=(0,0);(0,1);(2,2) | I=(0,0) | sp=1,882,920 | ip=1
0,1,0 | 12,55,12 | S=(0,0);(0,1);(2,2) | I=(0,0) | sp=1,882,921 | ip=1
0,1,0 | 12,55,12 | S=(0,0);(0,1);(2,2) | I=(0,0) | sp=1,882,922 | ip=1
0,1,0 | 12,55,12 | S=(0,0);(0,1);(2,2) | I=(0,0) | sp=1,882,945 | ip=1
0,1,0 | 12,55,12 | S=(0,0);(0,1);(2,2) | I=(0,0) | sp=1,882,9915 | ip=1
0,1,0 | 12,55,12 | S=(0,0);(0,1);(2,2) | I=(0,0) | sp=1,882,946 | ip=1
0,1,0 | 12,55,12 | S=(0,0);(0,1);(2,2) | I=(0,0) | sp=1,882,947 | ip=1
0,1,0 | 12,55,12 | S=(0,0);(0,1);(2,2) | I=(0,0) | sp=1,882,1 | ip=882
0,1,0 | 12,55,12 | S=(0,0);(0,1);(2,2) | I=(0,0) | sp=1,882,882 | ip=882
0,1,0 | 12,55,12 | S=(0,0);(0,1);(2,2) | I=(0,0) | sp=1,882,883 | ip=882
0,1,0 | 12,55,12 | S=(0,0);(0,1);(2,2) | I=(0,0) | sp=1,882,884 | ip=882
0,1,0 | 12,55,12 | S=(0,0);(0,1);(2,2) | I=(0,0) | sp=1,882,885 | ip=882
0,1,0 | 12,55,12 | S=(0,0);(0,1);(2,2) | I=(0,0) | sp=1,882,886 | ip=882
0,1,0 | 12,55,12 | S=(0,0);(0,1);(2,2) | I=(0,0) | sp=1,882,24 | ip=882
0,1,0 | 12,55,12 | S=(0,0);(0,1);(2,2) | I=(0,0) | sp=1,882,93 | ip=882
0,1,0 | 12,55,12 | S=(0,0);(0,1);(2,2) | I=(0,0) | sp=1,882,94 | ip=882
0,1,0 | 12,55,12 | S=(0,0);(0,1);(2,2) | I=(0,0) | sp=1,882,96 | ip=882
0,1,0 | 12,55,12 | S=(0,0);(0,1);(2,2) | I=(0,0) | sp=1,882,35 | ip=882
0,1,0 | 12,55,12 | S=(0,0);(0,1);(2,2) | I=(0,0) | sp=1,882,45 | ip=882
0,1,0 | 12,55,12 | S=(0,0);(0,1);(2,2) | I=(0,0) | sp=1,882,55 | ip=882
0,1,0 | 12,55,12 | S=(0,0);(0,1);(2,2) | I=(0,0) | sp=1,882,99930 | ip=882
0,1,0 | 12,55,12 | S=(0,0);(0,1);(2,2) | I=(0,0) | sp=1,882,996 | ip=882
0,1,0 | 12,55,12 | S=(0,0);(0,1);(2,2) | I=(0,0) | sp=1,882,9912 | ip=882
0,1,0 | 12,55,12 | S=(0,0);(0,1);(2,2) | I=(0,0) | sp=1,882,918 | ip=882
0,1,0 | 12,55,12 | S=(0,0);(0,1);(2,2) | I=(0,0) | sp=1,882,919 | ip=882
0,1,0 | 12,55,12 | S=(0,0);(0,1);(2,2) | I=(0,0) | sp=1,882,920 | ip=882
0,1,0 | 12,55,12 | S=(0,0);(0,1);(2,2) | I=(0,0) | sp=1,882,921 | ip=882
0,1,0 | 12,55,12 | S=(0,0);(0,1);(2,2) | I=(0,0) | sp=1,882,922 | ip=882
0,1,0 | 12,55,12 | S=(0,0);(0,1);(2,2) | I=(0,0) | sp=1,882,945 | ip=882
0,1,0 | 12,55,12 | S=(0,0);(0,1);(2,2) | I=(0,0) | sp=1,882,9915 | ip=882
0,1,0 | 12,55,12 | S=(0,0);(0,1);(2,2) | I=(0,0) | sp=1,882,946 | ip=882
0,1,0 | 12,55,12 | S=(0,0);(0,1);(2,2) | I=(0,0) | sp=1,882,947 | ip=882
0,1,0 | 12,55,12 | S=(0,0);(0,1);(2,2) | I=(0,0) | sp=1,882,1 | ip=883
0,1,0 | 12,55,12 | S=(0,0);(0,1);(2,2) | I=(0,0) | sp=1,882,882 | ip=883
0,1,0 | 12,55,12 | S=(0,0);(0,1);(2,2) | I=(0,0) | sp=1,882,883 | ip=883
0,1,0 | 12,55,12 | S=(0,0);(0,1);(2,2) | I=(0,0) | sp=1,882,884 | ip=883
0,1,0 | 12,55,12 | S=(0,0);(0,1);(2,2) | I=(0,0) | sp=1,882,885 | ip=883
0,1,0 | 12,55,12 | S=(0,0);(0,1);(2,2) | I=(0,0) | sp=1,882,24 | ip=883
0,1,0 | 12,55,12 | S=(0,0);(0,1);(2,2) | I=(0,0) | sp=1,882,93 | ip=883
0,1,0 | 12,55,12 | S=(0,0);(0,1);(2,2) | I=(0,0) | sp=1,882,96 | ip=883
0,1,0 | 12,55,12 | S=(0,0);(0,1);(2,2) | I=(0,0) | sp=1,882,35 | ip=883
0,1,0 | 12,55,12 | S=(0,0);(0,1);(2,2) | I=(0,0) | sp=1,882,45 | ip=883
0,1,0 | 12,55,12 | S=(0,0);(0,1);(2,2) | I=(0,0) | sp=1,882,55 | ip=883
0,1,0 | 12,55,12 | S=(0,0);(0,1);(2,2) | I=(0,0) | sp=1,882,99930 | ip=883
0,1,0 | 12,55,12 | S=(0,0);(0,1);(2,2) | I=(0,0) | sp=1,882,9912 | ip=883
0,1,0 | 12,55,12 | S=(0,0);(0,1);(2,2) | I=(0,0) | sp=1,882,918 | ip=883
0,1,0 | 12,55,12 | S=(0,0);(0,1);(2,2) | I=(0,0) | sp=1,882,920 | ip=883
0,1,0 | 12,55,12 | S=(0,0);(0,1);(2,2) | I=(0,0) | sp=1,882,921 | ip=883
0,1,0 | 12,55,12 | S=(0,0);(0,1);(2,2) | I=(0,0) | sp=1,882,922 | ip=883
0,1,0 | 12,55,12 | S=(0,0);(0,1);(2,2) | I=(0,0) | sp=1,882,945 | ip=883
0,1,0 | 12,55,12 | S=(0,0);(0,1);(2,2) | I=(0,0) | sp=1,882,947 | ip=883
0,1,0 | 12,55,12 | S=(0,0);(0,1);(2,2) | I=(0,0) | sp=1,883,1 | ip=1
0,1,0 | 12,55,12 | S=(0,0);(0,1);(2,2) | I=(0,0) | sp=1,883,882 | ip=1
0,1,0 | 12,55,12 | S=(0,0);(0,1);(2,2) | I=(0,0) | sp=1,883,883 | ip=1
0,1,0 | 12,55,12 | S=(0,0);(0,1);(2,2) | I=(0,0) | sp=1,883,884 | ip=1
0,1,0 | 12,55,12 | S=(0,0);(0,1);(2,2) | I=(0,0) | sp=1,883,885 | ip=1
0,1,0 | 12,55,12 | S=(0,0);(0,1);(2,2) | I=(0,0) | sp=1,883,886 | ip=1
0,1,0 | 12,55,12 | S=(0,0);(0,1);(2,2) | I=(0,0) | sp=1,883,24 | ip=1
0,1,0 | 12,55,12 | S=(0,0);(0,1);(2,2) | I=(0,0) | sp=1,883,93 | ip=1
0,1,0 | 12,55,12 | S=(0,0);(0,1);(2,2) | I=(0,0) | sp=1,883,94 | ip=1
0,1,0 | 12,55,12 | S=(0,0);(0,1);(2,2) | I=(0,0) | sp=1,883,96 | ip=1
0,1,0 | 12,55,12 | S=(0,0);(0,1);(2,2) | I=(0,0) | sp=1,883,35 | ip=1
0,1,0 | 12,55,12 | S=(0,0);(0,1);(2,2) | I=(0,0) | sp=1,883,45 | ip=1
0,1,0 | 12,55,12 | S=(0,0);(0,1);(2,2) | I=(0,0) | sp=1,883,55 | ip=1
0,1,0 | 12,55,12 | S=(0,0);(0,1);(2,2) | I=(0,0) | sp=1,883,99930 | ip=1
0,1,0 | 12,55,12 | S=(0,0);(0,1);(2,2) | I=(0,0) | sp=1,883,996 | ip=1
0,1,0 | 12,55,12 | S=(0,0);(0,1);(2,2) | I=(0,0) | sp=1,883,9912 | ip=1
0,1,0 | 12,55,12 | S=(0,0);(0,1);(2,2) | I=(0,0) | sp=1,883,918 | ip=1
0,1,0 | 12,55,12 | S=(0,0);(0,1);(2,2) | I=(0,0) | sp=1,883,919 | ip=1
0,1,0 | 12,55,12 | S=(0,0);(0,1);(2,2) | I=(0,0) | sp=1,883,920 | ip=1
0,1,0 | 12,55,12 | S=(0,0);(0,1);(2,2) | I=(0,0) | sp=1,883,921 | ip=1
0,1,0 | 12,55,12 | S=(0,0);(0,1);(2,2) | I=(0,0) | sp=1,883,922 | ip=1
0,1,0 | 12,55,12 | S=(0,0);(0,1);(2,2) | I=(0,0) | sp=1,883,945 | ip=1
0,1,0 | 12,55,12 | S=(0,0);(0,1);(2,2) | I=(0,0) | sp=1,883,9915 | ip=1
0,1,0 | 12,55,12 | S=(0,0);(0,1);(2,2) | I=(0,0) | sp=1,883,946 | ip=1
0,1,0 | 12,55,12 | S=(0,0);(0,1);(2,2) | I=(0,0) | sp=1,883,947 | ip=1
0,1,0 | 12,55,12 | S=(0,0);(0,1);(2,2) | I=(0,0) | sp=1,883,1 | ip=882
0,1,0 | 12,55,12 | S=(0,0);(0,1);(2,2) | I=(0,0) | sp=1,883,882 | ip=882
0,1,0 | 12,55,12 | S=(0,0);(0,1);(2,2) | I=(0,0) | sp=1,883,883 | ip=882
0,1,0 | 12,55,12 | S=(0,0);(0,1);(2,2) | I=(0,0) | sp=1,883,884 | ip=882
0,1,0 | 12,55,12 | S=(0,0);(0,1);(2,2) | I=(0,0) | sp=1,883,885 | ip=882
0,1,0 | 12,55,12 | S=(0,0);(0,1);(2,2) | I=(0,0) | sp=1,883,24 | ip=882
0,1,0 | 12,55,12 | S=(0,0);(0,1);(2,2) | I=(0,0) | sp=1,883,93 | ip=882
0,1,0 | 12,55,12 | S=(0,0);(0,1);(2,2) | I=(0,0) | sp=1,883,96 | ip=882
0,1,0 | 12,55,12 | S=(0,0);(0,1);(2,2) | I=(0,0) | sp=1,883,35 | ip=882
0,1,0 | 12,55,12 | S=(0,0);(0,1);(2,2) | I=(0,0) | sp=1,883,45 | ip=882
0,1,0 | 12,55,12 | S=(0,0);(0,1);(2,2) | I=(0,0) | sp=1,883,55 | ip=882
0,1,0 | 12,55,12 | S=(0,0);(0,1);(2,2) | I=(0,0) | sp=1,883,99930 | ip=882
0,1,0 | 12,55,12 | S=(0,0);(0,1);(2,2) | I=(0,0) | sp=1,883,9912 | ip=882
0,1,0 | 12,55,12 | S=(0,0);(0,1);(2,2) | I=(0,0) | sp=1,883,918 | ip=882
0,1,0 | 12,55,12 | S=(0,0);(0,1);(2,2) | I=(0,0) | sp=1,883,920 | ip=882
0,1,0 | 12,55,12 | S=(0,0);(0,1);(2,2) | I=(0,0) | sp=1,883,921 | ip=882
0,1,0 | 12,55,12 | S=(0,0);(0,1);(2,2) | I=(0,0) | sp=1,883,922 | ip=882
0,1,0 | 12,55,12 | S=(0,0);(0,1);(2,2) | I=(0,0) | sp=1,883,945 | ip=882
0,1,0 | 12,55,12 | S=(0,0);(0,1);(2,2) | I=(0,0) | sp=1,883,947 | ip=882
0,1,0 | 12,55,12 | S=(0,0);(0,1);(2,2) | I=(0,0) | sp=1,884,1 | ip=1
0,1,0 | 12,55,12 | S=(0,0);(0,1);(2,2) | I=(0,0) | sp=1,884,882 | ip=1
0,1,0 | 12,55,12 | S=(0,0);(0,1);(2,2) | I=(0,0) | sp=1,884,883 | ip=1
0,1,0 | 12,55,12 | S=(0,0);(0,1);(2,2) | I=(0,0) | sp=1,884,884 | ip=1
0,1,0 | 12,55,12 | S=(0,0);(0,1);(2,2) | I=(0,0) | sp=1,884,885 | ip=1
0,1,0 | 12,55,12 | S=(0,0);(0,1);(2,2) | I=(0,0) | sp=1,884,24 | ip=1
0,1,0 | 12,55,12 | S=(0,0);(0,1);(2,2) | I=(0,0) | sp=1,884,93 | ip=1
0,1,0 | 12,55,12 | S=(0,0);(0,1);(2,2) | I=(0,0) | sp=1,884,96 | ip=1
0,1,0 | 12,55,12 | S=(0,0);(0,1);(2,2) | I=(0,0) | sp=1,884,35 | ip=1
0,1,0 | 12,55,12 | S=(0,0);(0,1);(2,2) | I=(0,0) | sp=1,884,45 | ip=1
0,1,0 | 12,55,12 | S=(0,0);(0,1);(2,2) | I=(0,0) | sp=1,884,55 | ip=1
0,1,0 | 12,55,12 | S=(0,0);(0,1);(2,2) | I=(0,0) | sp=1,884,99930 | ip=1
0,1,0 | 12,55,12 | S=(0,0);(0,1);(2,2) | I=(0,0) | sp=1,884,9912 | ip=1
0,1,0 | 12,55,12 | S=(0,0);(0,1);(2,2) | I=(0,0) | sp=1,884,918 | ip=1
0,1,0 | 12,55,12 | S=(0,0);(0,1);(2,2) | I=(0,0) | sp=1,884,920 | ip=1
0,1,0 | 12,55,12 | S=(0,0);(0,1);(2,2) | I=(0,0) | sp=1,884,921 | ip=1
0,1,0 | 12,55,12 | S=(0,0);(0,1);(2,2) | I=(0,0) | sp=1,884,922 | ip=1
0,1,0 | 12,55,12 | S=(0,0);(0,1);(2,2) | I=(0,0) | sp=1,884,945 | ip=1
0,1,0 | 12,55,12 | S=(0,0);(0,1);(2,2) | I=(0,0) | sp=1,884,947 | ip=1
0,1,0 | 12,55,12 | S=(0,0);(0,1);(2,2) | I=(0,0) | sp=1,24,1 | ip=1
0,1,0 | 12,55,12 | S=(0,0);(0,1);(2,2) | I=(0,0) | sp=1,24,882 | ip=1
0,1,0 | 12,55,12 | S=(0,0);(0,1);(2,2) | I=(0,0) | sp=1,24,883 | ip=1
0,1,0 | 12,55,12 | S=(0,0);(0,1);(2,2) | I=(0,0) | sp=1,24,884 | ip=1
0,1,0 | 12,55,12 | S=(0,0);(0,1);(2,2) | I=(0,0) | sp=1,24,885 | ip=1
0,1,0 | 12,55,12 | S=(0,0);(0,1);(2,2) | I=(0,0) | sp=1,24,24 | ip=1
0,1,0 | 12,55,12 | S=(0,0);(0,1);(2,2) | I=(0,0) | sp=1,24,93 | ip=1
0,1,0 | 12,55,12 | S=(0,0);(0,1);(2,2) | I=(0,0) | sp=1,24,96 | ip=1
0,1,0 | 12,55,12 | S=(0,0);(0,1);(2,2) | I=(0,0) | sp=1,24,35 | ip=1
0,1,0 | 12,55,12 | S=(0,0);(0,1);(2,2) | I=(0,0) | sp=1,24,45 | ip=1
0,1,0 | 12,55,12 | S=(0,0);(0,1);(2,2) | I=(0,0) | sp=1,24,55 | ip=1
0,1,0 | 12,55,12 | S=(0,0);(0,1);(2,2) | I=(0,0) | sp=1,24,99930 | ip=1
0,1,0 | 12,55,12 | S=(0,0);(0,1);(2,2) | I=(0,0) | sp=1,24,9912 | ip=1
0,1,0 | 12,55,12 | S=(0,0);(0,1);(2,2) | I=(0,0) | sp=1,24,918 | ip=1
0,1,0 | 12,55,12 | S=(0,0);(0,1);(2,2) | I=(0,0) | sp=1,24,920 | ip=1
0,1,0 | 12,55,12 | S=(0,0);(0,1);(2,2) | I=(0,0) | sp=1,24,921 | ip=1
0,1,0 | 12,55,12 | S=(0,0);(0,1);(2,2) | I=(0,0) | sp=1,24,922 | ip=1
0,1,0 | 12,55,12 | S=(0,0);(0,1);(2,2) | I=(0,0) | sp=1,24,945 | ip=1
0,1,0 | 12,55,12 | S=(0,0);(0,1);(2,2) | I=(0,0) | sp=1,24,947 | ip=1
0,1,0 | 12,55,12 | S=(0,0);(0,1);(2,2) | I=(0,0) | sp=1,93,1 | ip=1
0,1,0 | 12,55,12 | S=(0,0);(0,1);(2,2) | I=(0,0) | sp=1,93,882 | ip=1
0,1,0 | 12,55,12 | S=(0,0);(0,1);(2,2) | I=(0,0) | sp=1,93,883 | ip=1
0,1,0 | 12,55,12 | S=(0,0);(0,1);(2,2) | I=(0,0) | sp=1,93,884 | ip=1
0,1,0 | 12,55,12 | S=(0,0);(0,1);(2,2) | I=(0,0) | sp=1,93,885 | ip=1
0,1,0 | 12,55,12 | S=(0,0);(0,1);(2,2) | I=(0,0) | sp=1,93,886 | ip=1
0,1,0 | 12,55,12 | S=(0,0);(0,1);(2,2) | I=(0,0) | sp=1,93,24 | ip=1
0,1,0 | 12,55,12 | S=(0,0);(0,1);(2,2) | I=(0,0) | sp=1,93,93 | ip=1
0,1,0 | 12,55,12 | S=(0,0);(0,1);(2,2) | I=(0,0) | sp=1,93,94 | ip=1
0,1,0 | 12,55,12 | S=(0,0);(0,1);(2,2) | I=(0,0) | sp=1,93,96 | ip=1
0,1,0 | 12,55,12 | S=(0,0);(0,1);(2,2) | I=(0,0) | sp=1,93,35 | ip=1
0,1,0 | 12,55,12 | S=(0,0);(0,1);(2,2) | I=(0,0) | sp=1,93,45 | ip=1
0,1,0 | 12,55,12 | S=(0,0);(0,1);(2,2) | I=(0,0) | sp=1,93,55 | ip=1
0,1,0 | 12,55,12 | S=(0,0);(0,1);(2,2) | I=(0,0) | sp=1,93,99930 | ip=1
0,1,0 | 12,55,12 | S=(0,0);(0,1);(2,2) | I=(0,0) | sp=1,93,996 | ip=1
0,1,0 | 12,55,12 | S=(0,0);(0,1);(2,2) | I=(0,0) | sp=1,93,9912 | ip=1
0,1,0 | 12,55,12 | S=(0,0);(0,1);(2,2) | I=(0,0) | sp=1,93,918 | ip=1
0,1,0 | 12,55,12 | S=(0,0);(0,1);(2,2) | I=(0,0) | sp=1,93,919 | ip=1
0,1,0 | 12,55,12 | S=(0,0);(0,1);(2,2) | I=(0,0) | sp=1,93,920 | ip=1
0,1,0 | 12,55,12 | S=(0,0);(0,1);(2,2) | I=(0,0) | sp=1,93,921 | ip=1
0,1,0 | 12,55,12 | S=(0,0);(0,1);(2,2) | I=(0,0) | sp=1,93,922 | ip=1
0,1,0 | 12,55,12 | S=(0,0);(0,1);(2,2) | I=(0,0) | sp=1,93,945 | ip=1
0,1,0 | 12,55,12 | S=(0,0);(0,1);(2,2) | I=(0,0) | sp=1,93,9915 | ip=1
0,1,0 | 12,55,12 | S=(0,0);(0,1);(2,2) | I=(0,0) | sp=1,93,946 | ip=1
0,1,0 | 12,55,12 | S=(0,0);(0,1);(2,2) | I=(0,0) | sp=1,93,947 | ip=1
0,1,0 | 12,55,12 | S=(0,0);(0,1);(2,2) | I=(0,0) | sp=1,93,1 | ip=882
0,1,0 | 12,55,12 | S=(0,0);(0,1);(2,2) | I=(0,0) | sp=1,93,882 | ip=882
0,1,0 | 12,55,12 | S=(0,0);(0,1);(2,2) | I=(0,0) | sp=1,93,883 | ip=882
0,1,0 | 12,55,12 | S=(0,0);(0,1);(2,2) | I=(0,0) | sp=1,93,884 | ip=882
0,1,0 | 12,55,12 | S=(0,0);(0,1);(2,2) | I=(0,0) | sp=1,93,24 | ip=882
0,1,0 | 12,55,12 | S=(0,0);(0,1);(2,2) | I=(0,0) | sp=1,93,93 | ip=882
0,1,0 | 12,55,12 | S=(0,0);(0,1);(2,2) | I=(0,0) | sp=1,93,9912 | ip=882
0,1,0 | 12,55,12 | S=(0,0);(0,1);(2,2) | I=(0,0) | sp=1,93,918 | ip=882
0,1,0 | 12,55,12 | S=(0,0);(0,1);(2,2) | I=(0,0) | sp=1,93,920 | ip=882
0,1,0 | 12,55,12 | S=(0,0);(0,1);(2,2) | I=(0,0) | sp=1,93,921 | ip=882
0,1,0 | 12,55,12 | S=(0,0);(0,1);(2,2) | I=(0,0) | sp=1,93,922 | ip=882
0,1,0 | 12,55,12 | S=(0,0);(0,1);(2,2) | I=(0,0) | sp=1,9912,1 | ip=1
0,1,0 | 12,55,12 | S=(0,0);(0,1);(2,2) | I=(0,0) | sp=1,9912,882 | ip=1
0,1,0 | 12,55,12 | S=(0,0);(0,1);(2,2) | I=(0,0) | sp=1,9912,883 | ip=1
0,1,0 | 12,55,12 | S=(0,0);(0,1);(2,2) | I=(0,0) | sp=1,9912,884 | ip=1
0,1,0 | 12,55,12 | S=(0,0);(0,1);(2,2) | I=(0,0) | sp=1,9912,24 | ip=1
0,1,0 | 12,55,12 | S=(0,0);(0,1);(2,2) | I=(0,0) | sp=1,9912,93 | ip=1
0,1,0 | 12,55,12 | S=(0,0);(0,1);(2,2) | I=(0,0) | sp=1,9912,9912 | ip=1
0,1,0 | 12,55,12 | S=(0,0);(0,1);(2,2) | I=(0,0) | sp=1,9912,918 | ip=1
0,1,0 | 12,55,12 | S=(0,0);(0,1);(2,2) | I=(0,0) | sp=1,9912,920 | ip=1
0,1,0 | 12,55,12 | S=(0,0);(0,1);(2,2) | I=(0,0) | sp=1,9912,921 | ip=1
0,1,0 | 12,55,12 | S=(0,0);(0,1);(2,2) | I=(0,0) | sp=1,9912,922 | ip=1
0,1,0 | 12,55,12 | S=(0,0);(0,1);(2,2) | I=(0,0) | sp=1,918,1 | ip=1
0,1,0 | 12,55,12 | S=(0,0);(0,1);(2,2) | I=(0,0) | sp=1,918,882 | ip=1
0,1,0 | 12,55,12 | S=(0,0);(0,1);(2,2) | I=(0,0) | sp=1,918,883 | ip=1
0,1,0 | 12,55,12 | S=(0,0);(0,1);(2,2) | I=(0,0) | sp=1,918,884 | ip=1
0,1,0 | 12,55,12 | S=(0,0);(0,1);(2,2) | I=(0,0) | sp=1,918,885 | ip=1
0,1,0 | 12,55,12 | S=(0,0);(0,1);(2,2) | I=(0,0) | sp=1,918,24 | ip=1
0,1,0 | 12,55,12 | S=(0,0);(0,1);(2,2) | I=(0,0) | sp=1,918,93 | ip=1
0,1,0 | 12,55,12 | S=(0,0);(0,1);(2,2) | I=(0,0) | sp=1,918,96 | ip=1
0,1,0 | 12,55,12 | S=(0,0);(0,1);(2,2) | I=(0,0) | sp=1,918,35 | ip=1
0,1,0 | 12,55,12 | S=(0,0);(0,1);(2,2) | I=(0,0) | sp=1,918,45 | ip=1
0,1,0 | 12,55,12 | S=(0,0);(0,1);(2,2) | I=(0,0) | sp=1,918,55 | ip=1
0,1,0 | 12,55,12 | S=(0,0);(0,1);(2,2) | I=(0,0) | sp=1,918,99930 | ip=1
0,1,0 | 12,55,12 | S=(0,0);(0,1);(2,2) | I=(0,0) | sp=1,918,9912 | ip=1
0,1,0 | 12,55,12 | S=(0,0);(0,1);(2,2) | I=(0,0) | sp=1,918,918 | ip=1
0,1,0 | 12,55,12 | S=(0,0);(0,1);(2,2) | I=(0,0) | sp=1,918,920 | ip=1
0,1,0 | 12,55,12 | S=(0,0);(0,1);(2,2) | I=(0,0) | sp=1,918,921 | ip=1
0,1,0 | 12,55,12 | S=(0,0);(0,1);(2,2) | I=(0,0) | sp=1,918,922 | ip=1
0,1,0 | 12,55,12 | S=(0,0);(0,1);(2,2) | I=(0,0) | sp=1,918,945 | ip=1
0,1,0 | 12,55,12 | S=(0,0);(0,1);(2,2) | I=(0,0) | sp=1,920,1 | ip=1
0,1,0 | 12,55,12 | S=(0,0);(0,1);(2,2) | I=(0,0) | sp=1,920,882 | ip=1
0,1,0 | 12,55,12 | S=(0,0);(0,1);(2,2) | I=(0,0) | sp=1,921,1 | ip=1
0,1,0 | 12,55,12 | S=(0,0);(0,1);(2,2) | I=(0,0) | sp=1,922,1 | ip=1
0,1,0 | 12,55,12 | S=(0,0);(0,1);(2,2) | I=(0,0) | sp=1,922,882 | ip=1
0,1,0 | 12,55,12 | S=(0,0);(0,1);(2,2) | I=(0,0) | sp=1,922,883 | ip=1
0,1,0 | 12,55,12 | S=(0,0);(0,1);(2,2) | I=(0,0) | sp=1,922,93 | ip=1
0,1,0 | 12,55,12 | S=(0,0);(0,1);(2,2) | I=(0,0) | sp=882,1,1 | ip=1
0,1,0 | 12,55,12 | S=(0,0);(0,1);(2,2) | I=(0,0) | sp=882,1,882 | ip=1
0,1,0 | 12,55,12 | S=(0,0);(0,1);(2,2) | I=(0,0) | sp=882,1,883 | ip=1
0,1,0 | 12,55,12 | S=(0,0);(0,1);(2,2) | I=(0,0) | sp=882,1,884 | ip=1
0,1,0 | 12,55,12 | S=(0,0);(0,1);(2,2) | I=(0,0) | sp=882,1,885 | ip=1
0,1,0 | 12,55,12 | S=(0,0);(0,1);(2,2) | I=(0,0) | sp=882,1,886 | ip=1
0,1,0 | 12,55,12 | S=(0,0);(0,1);(2,2) | I=(0,0) | sp=882,1,24 | ip=1
0,1,0 | 12,55,12 | S=(0,0);(0,1);(2,2) | I=(0,0) | sp=882,1,93 | ip=1
0,1,0 | 12,55,12 | S=(0,0);(0,1);(2,2) | I=(0,0) | sp=882,1,94 | ip=1
0,1,0 | 12,55,12 | S=(0,0);(0,1);(2,2) | I=(0,0) | sp=882,1,96 | ip=1
0,1,0 | 12,55,12 | S=(0,0);(0,1);(2,2) | I=(0,0) | sp=882,1,35 | ip=1
0,1,0 | 12,55,12 | S=(0,0);(0,1);(2,2) | I=(0,0) | sp=882,1,45 | ip=1
0,1,0 | 12,55,12 | S=(0,0);(0,1);(2,2) | I=(0,0) | sp=882,1,55 | ip=1
0,1,0 | 12,55,12 | S=(0,0);(0,1);(2,2) | I=(0,0) | sp=882,1,99930 | ip=1
0,1,0 | 12,55,12 | S=(0,0);(0,1);(2,2) | I=(0,0) | sp=882,1,996 | ip=1
0,1,0 | 12,55,12 | S=(0,0);(0,1);(2,2) | I=(0,0) | sp=882,1,9912 | ip=1
0,1,0 | 12,55,12 | S=(0,0);(0,1);(2,2) | I=(0,0) | sp=882,1,918 | ip=1
0,1,0 | 12,55,12 | S=(0,0);(0,1);(2,2) | I=(0,0) | sp=882,1,919 | ip=1
0,1,0 | 12,55,12 | S=(0,0);(0,1);(2,2) | I=(0,0) | sp=882,1,920 | ip=1
0,1,0 | 12,55,12 | S=(0,0);(0,1);(2,2) | I=(0,0) | sp=882,1,921 | ip=1
0,1,0 | 12,55,12 | S=(0,0);(0,1);(2,2) | I=(0,0) | sp=882,1,922 | ip=1
0,1,0 | 12,55,12 | S=(0,0);(0,1);(2,2) | I=(0,0) | sp=882,1,945 | ip=1
0,1,0 | 12,55,12 | S=(0,0);(0,1);(2,2) | I=(0,0) | sp=882,1,9915 | ip=1
0,1,0 | 12,55,12 | S=(0,0);(0,1);(2,2) | I=(0,0) | sp=882,1,946 | ip=1
0,1,0 | 12,55,12 | S=(0,0);(0,1);(2,2) | I=(0,0) | sp=882,1,947 | ip=1
0,1,0 | 12,55,12 | S=(0,0);(0,1);(2,2) | I=(0,0) | sp=882,1,1 | ip=882
0,1,0 | 12,55,12 | S=(0,0);(0,1);(2,2) | I=(0,0) | sp=882,1,882 | ip=882
0,1,0 | 12,55,12 | S=(0,0);(0,1);(2,2) | I=(0,0) | sp=882,1,883 | ip=882
0,1,0 | 12,55,12 | S=(0,0);(0,1);(2,2) | I=(0,0) | sp=882,1,884 | ip=882
0,1,0 | 12,55,12 | S=(0,0);(0,1);(2,2) | I=(0,0) | sp=882,1,885 | ip=882
0,1,0 | 12,55,12 | S=(0,0);(0,1);(2,2) | I=(0,0) | sp=882,1,886 | ip=882
0,1,0 | 12,55,12 | S=(0,0);(0,1);(2,2) | I=(0,0) | sp=882,1,24 | ip=882
0,1,0 | 12,55,12 | S=(0,0);(0,1);(2,2) | I=(0,0) | sp=882,1,93 | ip=882
0,1,0 | 12,55,12 | S=(0,0);(0,1);(2,2) | I=(0,0) | sp=882,1,94 | ip=882
0,1,0 | 12,55,12 | S=(0,0);(0,1);(2,2) | I=(0,0) | sp=882,1,96 | ip=882
0,1,0 | 12,55,12 | S=(0,0);(0,1);(2,2) | I=(0,0) | sp=882,1,35 | ip=882
0,1,0 | 12,55,12 | S=(0,0);(0,1);(2,2) | I=(0,0) | sp=882,1,45 | ip=882
0,1,0 | 12,55,12 | S=(0,0);(0,1);(2,2) | I=(0,0) | sp=882,1,55 | ip=882
0,1,0 | 12,55,12 | S=(0,0);(0,1);(2,2) | I=(0,0) | sp=882,1,99930 | ip=882
0,1,0 | 12,55,12 | S=(0,0);(0,1);(2,2) | I=(0,0) | sp=882,1,996 | ip=882
0,1,0 | 12,55,12 | S=(0,0);(0,1);(2,2) | I=(0,0) | sp=882,1,9912 | ip=882
0,1,0 | 12,55,12 | S=(0,0);(0,1);(2,2) | I=(0,0) | sp=882,1,918 | ip=882
0,1,0 | 12,55,12 | S=(0,0);(0,1);(2,2) | I=(0,0) | sp=882,1,919 | ip=882
0,1,0 | 12,55,12 | S=(0,0);(0,1);(2,2) | I=(0,0) | sp=882,1,920 | ip=882
0,1,0 | 12,55,12 | S=(0,0);(0,1);(2,2) | I=(0,0) | sp=882,1,921 | ip=882
0,1,0 | 12,55,12 | S=(0,0);(0,1);(2,2) | I=(0,0) | sp=882,1,922 | ip=882
0,1,0 | 12,55,12 | S=(0,0);(0,1);(2,2) | I=(0,0) | sp=882,1,945 | ip=882
0,1,0 | 12,55,12 | S=(0,0);(0,1);(2,2) | I=(0,0) | sp=882,1,9915 | ip=882
0,1,0 | 12,55,12 | S=(0,0);(0,1);(2,2) | I=(0,0) | sp=882,1,946 | ip=882
0,1,0 | 12,55,12 | S=(0,0);(0,1);(2,2) | I=(0,0) | sp=882,1,947 | ip=882
0,1,0 | 12,55,12 | S=(0,0);(0,1);(2,2) | I=(0,0) | sp=882,1,1 | ip=883
0,1,0 | 12,55,12 | S=(0,0);(0,1);(2,2) | I=(0,0) | sp=882,1,882 | ip=883
0,1,0 | 12,55,12 | S=(0,0);(0,1);(2,2) | I=(0,0) | sp=882,1,883 | ip=883
0,1,0 | 12,55,12 | S=(0,0);(0,1);(2,2) | I=(0,0) | sp=882,1,884 | ip=883
0,1,0 | 12,55,12 | S=(0,0);(0,1);(2,2) | I=(0,0) | sp=882,1,885 | ip=883
0,1,0 | 12,55,12 | S=(0,0);(0,1);(2,2) | I=(0,0) | sp=882,1,24 | ip=883
0,1,0 | 12,55,12 | S=(0,0);(0,1);(2,2) | I=(0,0) | sp=882,1,93 | ip=883
0,1,0 | 12,55,12 | S=(0,0);(0,1);(2,2) | I=(0,0) | sp=882,1,96 | ip=883
0,1,0 | 12,55,12 | S=(0,0);(0,1);(2,2) | I=(0,0) | sp=882,1,35 | ip=883
0,1,0 | 12,55,12 | S=(0,0);(0,1);(2,2) | I=(0,0) | sp=882,1,45 | ip=883
0,1,0 | 12,55,12 | S=(0,0);(0,1);(2,2) | I=(0,0) | sp=882,1,55 | ip=883
0,1,0 | 12,55,12 | S=(0,0);(0,1);(2,2) | I=(0,0) | sp=882,1,99930 | ip=883
0,1,0 | 12,55,12 | S=(0,0);(0,1);(2,2) | I=(0,0) | sp=882,1,9912 | ip=883
0,1,0 | 12,55,12 | S=(0,0);(0,1);(2,2) | I=(0,0) | sp=882,1,918 | ip=883
0,1,0 | 12,55,12 | S=(0,0);(0,1);(2,2) | I=(0,0) | sp=882,1,920 | ip=883
0,1,0 | 12,55,12 | S=(0,0);(0,1);(2,2) | I=(0,0) | sp=882,1,921 | ip=883
0,1,0 | 12,55,12 | S=(0,0);(0,1);(2,2) | I=(0,0) | sp=882,1,922 | ip=883
0,1,0 | 12,55,12 | S=(0,0);(0,1);(2,2) | I=(0,0) | sp=882,1,945 | ip=883
0,1,0 | 12,55,12 | S=(0,0);(0,1);(2,2) | I=(0,0) | sp=882,1,947 | ip=883
0,1,0 | 12,55,12 | S=(0,0);(0,1);(2,2) | I=(0,0) | sp=882,882,1 | ip=1
0,1,0 | 12,55,12 | S=(0,0);(0,1);(2,2) | I=(0,0) | sp=882,882,882 | ip=1
0,1,0 | 12,55,12 | S=(0,0);(0,1);(2,2) | I=(0,0) | sp=882,882,883 | ip=1
0,1,0 | 12,55,12 | S=(0,0);(0,1);(2,2) | I=(0,0) | sp=882,882,884 | ip=1
0,1,0 | 12,55,12 | S=(0,0);(0,1);(2,2) | I=(0,0) | sp=882,882,885 | ip=1
0,1,0 | 12,55,12 | S=(0,0);(0,1);(2,2) | I=(0,0) | sp=882,882,886 | ip=1
0,1,0 | 12,55,12 | S=(0,0);(0,1);(2,2) | I=(0,0) | sp=882,882,24 | ip=1
0,1,0 | 12,55,12 | S=(0,0);(0,1);(2,2) | I=(0,0) | sp=882,882,93 | ip=1
0,1,0 | 12,55,12 | S=(0,0);(0,1);(2,2) | I=(0,0) | sp=882,882,94 | ip=1
0,1,0 | 12,55,12 | S=(0,0);(0,1);(2,2) | I=(0,0) | sp=882,882,96 | ip=1
0,1,0 | 12,55,12 | S=(0,0);(0,1);(2,2) | I=(0,0) | sp=882,882,35 | ip=1
0,1,0 | 12,55,12 | S=(0,0);(0,1);(2,2) | I=(0,0) | sp=882,882,45 | ip=1
0,1,0 | 12,55,12 | S=(0,0);(0,1);(2,2) | I=(0,0) | sp=882,882,55 | ip=1
0,1,0 | 12,55,12 | S=(0,0);(0,1);(2,2) | I=(0,0) | sp=882,882,99930 | ip=1
0,1,0 | 12,55,12 | S=(0,0);(0,1);(2,2) | I=(0,0) | sp=882,882,996 | ip=1
0,1,0 | 12,55,12 | S=(0,0);(0,1);(2,2) | I=(0,0) | sp=882,882,9912 | ip=1
0,1,0 | 12,55,12 | S=(0,0);(0,1);(2,2) | I=(0,0) | sp=882,882,918 | ip=1
0,1,0 | 12,55,12 | S=(0,0);(0,1);(2,2) | I=(0,0) | sp=882,882,919 | ip=1
0,1,0 | 12,55,12 | S=(0,0);(0,1);(2,2) | I=(0,0) | sp=882,882,920 | ip=1
0,1,0 | 12,55,12 | S=(0,0);(0,1);(2,2) | I=(0,0) | sp=882,882,921 | ip=1
0,1,0 | 12,55,12 | S=(0,0);(0,1);(2,2) | I=(0,0) | sp=882,882,922 | ip=1
0,1,0 | 12,55,12 | S=(0,0);(0,1);(2,2) | I=(0,0) | sp=882,882,945 | ip=1
0,1,0 | 12,55,12 | S=(0,0);(0,1);(2,2) | I=(0,0) | sp=882,882,9915 | ip=1
0,1,0 | 12,55,12 | S=(0,0);(0,1);(2,2) | I=(0,0) | sp=882,882,946 | ip=1
0,1,0 | 12,55,12 | S=(0,0);(0,1);(2,2) | I=(0,0) | sp=882,882,947 | ip=1
0,1,0 | 12,55,12 | S=(0,0);(0,1);(2,2) | I=(0,0) | sp=882,882,1 | ip=882
0,1,0 | 12,55,12 | S=(0,0);(0,1);(2,2) | I=(0,0) | sp=882,882,882 | ip=882
0,1,0 | 12,55,12 | S=(0,0);(0,1);(2,2) | I=(0,0) | sp=882,882,883 | ip=882
0,1,0 | 12,55,12 | S=(0,0);(0,1);(2,2) | I=(0,0) | sp=882,882,884 | ip=882
0,1,0 | 12,55,12 | S=(0,0);(0,1);(2,2) | I=(0,0) | sp=882,882,885 | ip=882
0,1,0 | 12,55,12 | S=(0,0);(0,1);(2,2) | I=(0,0) | sp=882,882,24 | ip=882
0,1,0 | 12,55,12 | S=(0,0);(0,1);(2,2) | I=(0,0) | sp=882,882,93 | ip=882
0,1,0 | 12,55,12 | S=(0,0);(0,1);(2,2) | I=(0,0) | sp=882,882,96 | ip=882
0,1,0 | 12,55,12 | S=(0,0);(0,1);(2,2) | I=(0,0) | sp=882,882,35 | ip=882
0,1,0 | 12,55,12 | S=(0,0);(0,1);(2,2) | I=(0,0) | sp=882,882,45 | ip=882
0,1,0 | 12,55,12 | S=(0,0);(0,1);(2,2) | I=(0,0) | sp=882,882,55 | ip=882
0,1,0 | 12,55,12 | S=(0,0);(0,1);(2,2) | I=(0,0) | sp=882,882,99930 | ip=882
0,1,0 | 12,55,12 | S=(0,0);(0,1);(2,2) | I=(0,0) | sp=882,882,9912 | ip=882
0,1,0 | 12,55,12 | S=(0,0);(0,1);(2,2) | I=(0,0) | sp=882,882,918 | ip=882
0,1,0 | 12,55,12 | S=(0,0);(0,1);(2,2) | I=(0,0) | sp=882,882,920 | ip=882
0,1,0 | 12,55,12 | S=(0,0);(0,1);(2,2) | I=(0,0) | sp=882,882,921 | ip=882
0,1,0 | 12,55,12 | S=(0,0);(0,1);(2,2) | I=(0,0) | sp=882,882,922 | ip=882
0,1,0 | 12,55,12 | S=(0,0);(0,1);(2,2) | I=(0,0) | sp=882,882,945 | ip=882
0,1,0 | 12,55,12 | S=(0,0);(0,1);(2,2) | I=(0,0) | sp=882,882,947 | ip=882
0,1,0 | 12,55,12 | S=(0,0);(0,1);(2,2) | I=(0,0) | sp=882,883,1 | ip=1
0,1,0 | 12,55,12 | S=(0,0);(0,1);(2,2) | I=(0,0) | sp=882,883,882 | ip=1
0,1,0 | 12,55,12 | S=(0,0);(0,1);(2,2) | I=(0,0) | sp=882,883,883 | ip=1
0,1,0 | 12,55,12 | S=(0,0);(0,1);(2,2) | I=(0,0) | sp=882,883,884 | ip=1
0,1,0 | 12,55,12 | S=(0,0);(0,1);(2,2) | I=(0,0) | sp=882,883,885 | ip=1
0,1,0 | 12,55,12 | S=(0,0);(0,1);(2,2) | I=(0,0) | sp=882,883,24 | ip=1
0,1,0 | 12,55,12 | S=(0,0);(0,1);(2,2) | I=(0,0) | sp=882,883,93 | ip=1
0,1,0 | 12,55,12 | S=(0,0);(0,1);(2,2) | I=(0,0) | sp=882,883,96 | ip=1
0,1,0 | 12,55,12 | S=(0,0);(0,1);(2,2) | I=(0,0) | sp=882,883,35 | ip=1
0,1,0 | 12,55,12 | S=(0,0);(0,1);(2,2) | I=(0,0) | sp=882,883,45 | ip=1
0,1,0 | 12,55,12 | S=(0,0);(0,1);(2,2) | I=(0,0) | sp=882,883,55 | ip=1
0,1,0 | 12,55,12 | S=(0,0);(0,1);(2,2) | I=(0,0) | sp=882,883,99930 | ip=1
0,1,0 | 12,55,12 | S=(0,0);(0,1);(2,2) | I=(0,0) | sp=882,883,9912 | ip=1
0,1,0 | 12,55,12 | S=(0,0);(0,1);(2,2) | I=(0,0) | sp=882,883,918 | ip=1
0,1,0 | 12,55,12 | S=(0,0);(0,1);(2,2) | I=(0,0) | sp=882,883,920 | ip=1
0,1,0 | 12,55,12 | S=(0,0);(0,1);(2,2) | I=(0,0) | sp=882,883,921 | ip=1
0,1,0 | 12,55,12 | S=(0,0);(0,1);(2,2) | I=(0,0) | sp=882,883,922 | ip=1
0,1,0 | 12,55,12 | S=(0,0);(0,1);(2,2) | I=(0,0) | sp=882,883,945 | ip=1
0,1,0 | 12,55,12 | S=(0,0);(0,1);(2,2) | I=(0,0) | sp=882,883,947 | ip=1
0,1,0 | 12,55,12 | S=(0,0);(0,1);(2,2) | I=(0,0) | sp=882,93,1 | ip=1
0,1,0 | 12,55,12 | S=(0,0);(0,1);(2,2) | I=(0,0) | sp=882,93,882 | ip=1
0,1,0 | 12,55,12 | S=(0,0);(0,1);(2,2) | I=(0,0) | sp=882,93,883 | ip=1
0,1,0 | 12,55,12 | S=(0,0);(0,1);(2,2) | I=(0,0) | sp=882,93,884 | ip=1
0,1,0 | 12,55,12 | S=(0,0);(0,1);(2,2) | I=(0,0) | sp=882,93,24 | ip=1
0,1,0 | 12,55,12 | S=(0,0);(0,1);(2,2) | I=(0,0) | sp=882,93,93 | ip=1
0,1,0 | 12,55,12 | S=(0,0);(0,1);(2,2) | I=(0,0) | sp=882,93,9912 | ip=1
0,1,0 | 12,55,12 | S=(0,0);(0,1);(2,2) | I=(0,0) | sp=882,93,918 | ip=1
0,1,0 | 12,55,12 | S=(0,0);(0,1);(2,2) | I=(0,0) | sp=882,93,920 | ip=1
0,1,0 | 12,55,12 | S=(0,0);(0,1);(2,2) | I=(0,0) | sp=882,93,921 | ip=1
0,1,0 | 12,55,12 | S=(0,0);(0,1);(2,2) | I=(0,0) | sp=882,93,922 | ip=1
0,1,0 | 12,55,12 | S=(0,0);(0,1);(2,2) | I=(0,0) | sp=883,1,1 | ip=1
0,1,0 | 12,55,12 | S=(0,0);(0,1);(2,2) | I=(0,0) | sp=883,1,882 | ip=1
0,1,0 | 12,55,12 | S=(0,0);(0,1);(2,2) | I=(0,0) | sp=883,1,883 | ip=1
0,1,0 | 12,55,12 | S=(0,0);(0,1);(2,2) | I=(0,0) | sp=883,1,884 | ip=1
0,1,0 | 12,55,12 | S=(0,0);(0,1);(2,2) | I=(0,0) | sp=883,1,885 | ip=1
0,1,0 | 12,55,12 | S=(0,0);(0,1);(2,2) | I=(0,0) | sp=883,1,886 | ip=1
0,1,0 | 12,55,12 | S=(0,0);(0,1);(2,2) | I=(0,0) | sp=883,1,24 | ip=1
0,1,0 | 12,55,12 | S=(0,0);(0,1);(2,2) | I=(0,0) | sp=883,1,93 | ip=1
0,1,0 | 12,55,12 | S=(0,0);(0,1);(2,2) | I=(0,0) | sp=883,1,94 | ip=1
0,1,0 | 12,55,12 | S=(0,0);(0,1);(2,2) | I=(0,0) | sp=883,1,96 | ip=1
0,1,0 | 12,55,12 | S=(0,0);(0,1);(2,2) | I=(0,0) | sp=883,1,35 | ip=1
0,1,0 | 12,55,12 | S=(0,0);(0,1);(2,2) | I=(0,0) | sp=883,1,45 | ip=1
0,1,0 | 12,55,12 | S=(0,0);(0,1);(2,2) | I=(0,0) | sp=883,1,55 | ip=1
0,1,0 | 12,55,12 | S=(0,0);(0,1);(2,2) | I=(0,0) | sp=883,1,99930 | ip=1
0,1,0 | 12,55,12 | S=(0,0);(0,1);(2,2) | I=(0,0) | sp=883,1,996 | ip=1
0,1,0 | 12,55,12 | S=(0,0);(0,1);(2,2) | I=(0,0) | sp=883,1,9912 | ip=1
0,1,0 | 12,55,12 | S=(0,0);(0,1);(2,2) | I=(0,0) | sp=883,1,918 | ip=1
0,1,0 | 12,55,12 | S=(0,0);(0,1);(2,2) | I=(0,0) | sp=883,1,919 | ip=1
0,1,0 | 12,55,12 | S=(0,0);(0,1);(2,2) | I=(0,0) | sp=883,1,920 | ip=1
0,1,0 | 12,55,12 | S=(0,0);(0,1);(2,2) | I=(0,0) | sp=883,1,921 | ip=1
0,1,0 | 12,55,12 | S=(0,0);(0,1);(2,2) | I=(0,0) | sp=883,1,922 | ip=1
0,1,0 | 12,55,12 | S=(0,0);(0,1);(2,2) | I=(0,0) | sp=883,1,945 | ip=1
0,1,0 | 12,55,12 | S=(0,0);(0,1);(2,2) | I=(0,0) | sp=883,1,9915 | ip=1
0,1,0 | 12,55,12 | S=(0,0);(0,1);(2,2) | I=(0,0) | sp=883,1,946 | ip=1
0,1,0 | 12,55,12 | S=(0,0);(0,1);(2,2) | I=(0,0) | sp=883,1,947 | ip=1
0,1,0 | 12,55,12 | S=(0,0);(0,1);(2,2) | I=(0,0) | sp=883,1,1 | ip=882
0,1,0 | 12,55,12 | S=(0,0);(0,1);(2,2) | I=(0,0) | sp=883,1,882 | ip=882
0,1,0 | 12,55,12 | S=(0,0);(0,1);(2,2) | I=(0,0) | sp=883,1,883 | ip=882
0,1,0 | 12,55,12 | S=(0,0);(0,1);(2,2) | I=(0,0) | sp=883,1,884 | ip=882
0,1,0 | 12,55,12 | S=(0,0);(0,1);(2,2) | I=(0,0) | sp=883,1,885 | ip=882
0,1,0 | 12,55,12 | S=(0,0);(0,1);(2,2) | I=(0,0) | sp=883,1,24 | ip=882
0,1,0 | 12,55,12 | S=(0,0);(0,1);(2,2) | I=(0,0) | sp=883,1,93 | ip=882
0,1,0 | 12,55,12 | S=(0,0);(0,1);(2,2) | I=(0,0) | sp=883,1,96 | ip=882
0,1,0 | 12,55,12 | S=(0,0);(0,1);(2,2) | I=(0,0) | sp=883,1,35 | ip=882
0,1,0 | 12,55,12 | S=(0,0);(0,1);(2,2) | I=(0,0) | sp=883,1,45 | ip=882
0,1,0 | 12,55,12 | S=(0,0);(0,1);(2,2) | I=(0,0) | sp=883,1,55 | ip=882
0,1,0 | 12,55,12 | S=(0,0);(0,1);(2,2) | I=(0,0) | sp=883,1,99930 | ip=882
0,1,0 | 12,55,12 | S=(0,0);(0,1);(2,2) | I=(0,0) | sp=883,1,9912 | ip=882
0,1,0 | 12,55,12 | S=(0,0);(0,1);(2,2) | I=(0,0) | sp=883,1,918 | ip=882
0,1,0 | 12,55,12 | S=(0,0);(0,1);(2,2) | I=(0,0) | sp=883,1,920 | ip=882
0,1,0 | 12,55,12 | S=(0,0);(0,1);(2,2) | I=(0,0) | sp=883,1,921 | ip=882
0,1,0 | 12,55,12 | S=(0,0);(0,1);(2,2) | I=(0,0) | sp=883,1,922 | ip=882
0,1,0 | 12,55,12 | S=(0,0);(0,1);(2,2) | I=(0,0) | sp=883,1,945 | ip=882
0,1,0 | 12,55,12 | S=(0,0);(0,1);(2,2) | I=(0,0) | sp=883,1,947 | ip=882
0,1,0 | 12,55,12 | S=(0,0);(0,1);(2,2) | I=(0,0) | sp=883,882,1 | ip=1
0,1,0 | 12,55,12 | S=(0,0);(0,1);(2,2) | I=(0,0) | sp=883,882,882 | ip=1
0,1,0 | 12,55,12 | S=(0,0);(0,1);(2,2) | I=(0,0) | sp=883,882,883 | ip=1
0,1,0 | 12,55,12 | S=(0,0);(0,1);(2,2) | I=(0,0) | sp=883,882,884 | ip=1
0,1,0 | 12,55,12 | S=(0,0);(0,1);(2,2) | I=(0,0) | sp=883,882,885 | ip=1
0,1,0 | 12,55,12 | S=(0,0);(0,1);(2,2) | I=(0,0) | sp=883,882,24 | ip=1
0,1,0 | 12,55,12 | S=(0,0);(0,1);(2,2) | I=(0,0) | sp=883,882,93 | ip=1
0,1,0 | 12,55,12 | S=(0,0);(0,1);(2,2) | I=(0,0) | sp=883,882,96 | ip=1
0,1,0 | 12,55,12 | S=(0,0);(0,1);(2,2) | I=(0,0) | sp=883,882,35 | ip=1
0,1,0 | 12,55,12 | S=(0,0);(0,1);(2,2) | I=(0,0) | sp=883,882,45 | ip=1
0,1,0 | 12,55,12 | S=(0,0);(0,1);(2,2) | I=(0,0) | sp=883,882,55 | ip=1
0,1,0 | 12,55,12 | S=(0,0);(0,1);(2,2) | I=(0,0) | sp=883,882,99930 | ip=1
0,1,0 | 12,55,12 | S=(0,0);(0,1);(2,2) | I=(0,0) | sp=883,882,9912 | ip=1
0,1,0 | 12,55,12 | S=(0,0);(0,1);(2,2) | I=(0,0) | sp=883,882,918 | ip=1
0,1,0 | 12,55,12 | S=(0,0);(0,1);(2,2) | I=(0,0) | sp=883,882,920 | ip=1
0,1,0 | 12,55,12 | S=(0,0);(0,1);(2,2) | I=(0,0) | sp=883,882,921 | ip=1
0,1,0 | 12,55,12 | S=(0,0);(0,1);(2,2) | I=(0,0) | sp=883,882,922 | ip=1
0,1,0 | 12,55,12 | S=(0,0);(0,1);(2,2) | I=(0,0) | sp=883,882,945 | ip=1
0,1,0 | 12,55,12 | S=(0,0);(0,1);(2,2) | I=(0,0) | sp=883,882,947 | ip=1
0,1,0 | 12,55,12 | S=(0,0);(0,1);(2,2) | I=(0,0) | sp=884,1,1 | ip=1
0,1,0 | 12,55,12 | S=(0,0);(0,1);(2,2) | I=(0,0) | sp=884,1,882 | ip=1
0,1,0 | 12,55,12 | S=(0,0);(0,1);(2,2) | I=(0,0) | sp=884,1,883 | ip=1
0,1,0 | 12,55,12 | S=(0,0);(0,1);(2,2) | I=(0,0) | sp=884,1,884 | ip=1
0,1,0 | 12,55,12 | S=(0,0);(0,1);(2,2) | I=(0,0) | sp=884,1,885 | ip=1
0,1,0 | 12,55,12 | S=(0,0);(0,1);(2,2) | I=(0,0) | sp=884,1,24 | ip=1
0,1,0 | 12,55,12 | S=(0,0);(0,1);(2,2) | I=(0,0) | sp=884,1,93 | ip=1
0,1,0 | 12,55,12 | S=(0,0);(0,1);(2,2) | I=(0,0) | sp=884,1,96 | ip=1
0,1,0 | 12,55,12 | S=(0,0);(0,1);(2,2) | I=(0,0) | sp=884,1,35 | ip=1
0,1,0 | 12,55,12 | S=(0,0);(0,1);(2,2) | I=(0,0) | sp=884,1,45 | ip=1
0,1,0 | 12,55,12 | S=(0,0);(0,1);(2,2) | I=(0,0) | sp=884,1,55 | ip=1
0,1,0 | 12,55,12 | S=(0,0);(0,1);(2,2) | I=(0,0) | sp=884,1,99930 | ip=1
0,1,0 | 12,55,12 | S=(0,0);(0,1);(2,2) | I=(0,0) | sp=884,1,9912 | ip=1
0,1,0 | 12,55,12 | S=(0,0);(0,1);(2,2) | I=(0,0) | sp=884,1,918 | ip=1
0,1,0 | 12,55,12 | S=(0,0);(0,1);(2,2) | I=(0,0) | sp=884,1,920 | ip=1
0,1,0 | 12,55,12 | S=(0,0);(0,1);(2,2) | I=(0,0) | sp=884,1,921 | ip=1
0,1,0 | 12,55,12 | S=(0,0);(0,1);(2,2) | I=(0,0) | sp=884,1,922 | ip=1
0,1,0 | 12,55,12 | S=(0,0);(0,1);(2,2) | I=(0,0) | sp=884,1,945 | ip=1
0,1,0 | 12,55,12 | S=(0,0);(0,1);(2,2) | I=(0,0) | sp=884,1,947 | ip=1
0,1,0 | 12,55,12 | S=(0,0);(0,1);(2,2) | I=(0,0) | sp=24,1,1 | ip=1
0,1,0 | 12,55,12 | S=(0,0);(0,1);(2,2) | I=(0,0) | sp=24,1,882 | ip=1
0,1,0 | 12,55,12 | S=(0,0);(0,1);(2,2) | I=(0,0) | sp=24,1,883 | ip=1
0,1,0 | 12,55,12 | S=(0,0);(0,1);(2,2) | I=(0,0) | sp=24,1,884 | ip=1
0,1,0 | 12,55,12 | S=(0,0);(0,1);(2,2) | I=(0,0) | sp=24,1,885 | ip=1
0,1,0 | 12,55,12 | S=(0,0);(0,1);(2,2) | I=(0,0) | sp=24,1,24 | ip=1
0,1,0 | 12,55,12 | S=(0,0);(0,1);(2,2) | I=(0,0) | sp=24,1,93 | ip=1
0,1,0 | 12,55,12 | S=(0,0);(0,1);(2,2) | I=(0,0) | sp=24,1,96 | ip=1
0,1,0 | 12,55,12 | S=(0,0);(0,1);(2,2) | I=(0,0) | sp=24,1,35 | ip=1
0,1,0 | 12,55,12 | S=(0,0);(0,1);(2,2) | I=(0,0) | sp=24,1,45 | ip=1
0,1,0 | 12,55,12 | S=(0,0);(0,1);(2,2) | I=(0,0) | sp=24,1,55 | ip=1
0,1,0 | 12,55,12 | S=(0,0);(0,1);(2,2) | I=(0,0) | sp=24,1,99930 | ip=1
0,1,0 | 12,55,12 | S=(0,0);(0,1);(2,2) | I=(0,0) | sp=24,1,9912 | ip=1
0,1,0 | 12,55,12 | S=(0,0);(0,1);(2,2) | I=(0,0) | sp=24,1,918 | ip=1
0,1,0 | 12,55,12 | S=(0,0);(0,1);(2,2) | I=(0,0) | sp=24,1,920 | ip=1
0,1,0 | 12,55,12 | S=(0,0);(0,1);(2,2) | I=(0,0) | sp=24,1,921 | ip=1
0,1,0 | 12,55,12 | S=(0,0);(0,1);(2,2) | I=(0,0) | sp=24,1,922 | ip=1
0,1,0 | 12,55,12 | S=(0,0);(0,1);(2,2) | I=(0,0) | sp=24,1,945 | ip=1
0,1,0 | 12,55,12 | S=(0,0);(0,1);(2,2) | I=(0,0) | sp=24,1,947 | ip=1
0,1,0 | 12,55,12 | S=(0,0);(0,1);(2,2) | I=(0,0) | sp=93,1,1 | ip=1
0,1,0 | 12,55,12 | S=(0,0);(0,1);(2,2) | I=(0,0) | sp=93,1,882 | ip=1
0,1,0 | 12,55,12 | S=(0,0);(0,1);(2,2) | I=(0,0) | sp=93,1,883 | ip=1
0,1,0 | 12,55,12 | S=(0,0);(0,1);(2,2) | I=(0,0) | sp=93,1,884 | ip=1
0,1,0 | 12,55,12 | S=(0,0);(0,1);(2,2) | I=(0,0) | sp=93,1,885 | ip=1
0,1,0 | 12,55,12 | S=(0,0);(0,1);(2,2) | I=(0,0) | sp=93,1,886 | ip=1
0,1,0 | 12,55,12 | S=(0,0);(0,1);(2,2) | I=(0,0) | sp=93,1,24 | ip=1
0,1,0 | 12,55,12 | S=(0,0);(0,1);(2,2) | I=(0,0) | sp=93,1,93 | ip=1
0,1,0 | 12,55,12 | S=(0,0);(0,1);(2,2) | I=(0,0) | sp=93,1,94 | ip=1
0,1,0 | 12,55,12 | S=(0,0);(0,1);(2,2) | I=(0,0) | sp=93,1,96 | ip=1
0,1,0 | 12,55,12 | S=(0,0);(0,1);(2,2) | I=(0,0) | sp=93,1,35 | ip=1
0,1,0 | 12,55,12 | S=(0,0);(0,1);(2,2) | I=(0,0) | sp=93,1,45 | ip=1
0,1,0 | 12,55,12 | S=(0,0);(0,1);(2,2) | I=(0,0) | sp=93,1,55 | ip=1
0,1,0 | 12,55,12 | S=(0,0);(0,1);(2,2) | I=(0,0) | sp=93,1,99930 | ip=1
0,1,0 | 12,55,12 | S=(0,0);(0,1);(2,2) | I=(0,0) | sp=93,1,996 | ip=1
0,1,0 | 12,55,12 | S=(0,0);(0,1);(2,2) | I=(0,0) | sp=93,1,9912 | ip=1
0,1,0 | 12,55,12 | S=(0,0);(0,1);(2,2) | I=(0,0) | sp=93,1,918 | ip=1
0,1,0 | 12,55,12 | S=(0,0);(0,1);(2,2) | I=(0,0) | sp=93,1,919 | ip=1
0,1,0 | 12,55,12 | S=(0,0);(0,1);(2,2) | I=(0,0) | sp=93,1,920 | ip=1
0,1,0 | 12,55,12 | S=(0,0);(0,1);(2,2) | I=(0,0) | sp=93,1,921 | ip=1
0,1,0 | 12,55,12 | S=(0,0);(0,1);(2,2) | I=(0,0) | sp=93,1,922 | ip=1
0,1,0 | 12,55,12 | S=(0,0);(0,1);(2,2) | I=(0,0) | sp=93,1,945 | ip=1
0,1,0 | 12,55,12 | S=(0,0);(0,1);(2,2) | I=(0,0) | sp=93,1,9915 | ip=1
0,1,0 | 12,55,12 | S=(0,0);(0,1);(2,2) | I=(0,0) | sp=93,1,946 | ip=1
0,1,0 | 12,55,12 | S=(0,0);(0,1);(2,2) | I=(0,0) | sp=93,1,947 | ip=1
0,1,0 | 12,55,12 | S=(0,0);(0,1);(2,2) | I=(0,0) | sp=93,1,1 | ip=882
0,1,0 | 12,55,12 | S=(0,0);(0,1);(2,2) | I=(0,0) | sp=93,1,882 | ip=882
0,1,0 | 12,55,12 | S=(0,0);(0,1);(2,2) | I=(0,0) | sp=93,1,883 | ip=882
0,1,0 | 12,55,12 | S=(0,0);(0,1);(2,2) | I=(0,0) | sp=93,1,884 | ip=882
0,1,0 | 12,55,12 | S=(0,0);(0,1);(2,2) | I=(0,0) | sp=93,1,24 | ip=882
0,1,0 | 12,55,12 | S=(0,0);(0,1);(2,2) | I=(0,0) | sp=93,1,93 | ip=882
0,1,0 | 12,55,12 | S=(0,0);(0,1);(2,2) | I=(0,0) | sp=93,1,9912 | ip=882
0,1,0 | 12,55,12 | S=(0,0);(0,1);(2,2) | I=(0,0) | sp=93,1,918 | ip=882
0,1,0 | 12,55,12 | S=(0,0);(0,1);(2,2) | I=(0,0) | sp=93,1,920 | ip=882
0,1,0 | 12,55,12 | S=(0,0);(0,1);(2,2) | I=(0,0) | sp=93,1,921 | ip=882
0,1,0 | 12,55,12 | S=(0,0);(0,1);(2,2) | I=(0,0) | sp=93,1,922 | ip=882
0,1,0 | 12,55,12 | S=(0,0);(0,1);(2,2) | I=(0,0) | sp=93,882,1 | ip=1
0,1,0 | 12,55,12 | S=(0,0);(0,1);(2,2) | I=(0,0) | sp=93,882,882 | ip=1
0,1,0 | 12,55,12 | S=(0,0);(0,1);(2,2) | I=(0,0) | sp=93,882,883 | ip=1
0,1,0 | 12,55,12 | S=(0,0);(0,1);(2,2) | I=(0,0) | sp=93,882,884 | ip=1
0,1,0 | 12,55,12 | S=(0,0);(0,1);(2,2) | I=(0,0) | sp=93,882,24 | ip=1
0,1,0 | 12,55,12 | S=(0,0);(0,1);(2,2) | I=(0,0) | sp=93,882,93 | ip=1
0,1,0 | 12,55,12 | S=(0,0);(0,1);(2,2) | I=(0,0) | sp=93,882,9912 | ip=1
0,1,0 | 12,55,12 | S=(0,0);(0,1);(2,2) | I=(0,0) | sp=93,882,918 | ip=1
0,1,0 | 12,55,12 | S=(0,0);(0,1);(2,2) | I=(0,0) | sp=93,882,920 | ip=1
0,1,0 | 12,55,12 | S=(0,0);(0,1);(2,2) | I=(0,0) | sp=93,882,921 | ip=1
0,1,0 | 12,55,12 | S=(0,0);(0,1);(2,2) | I=(0,0) | sp=93,882,922 | ip=1
0,1,0 | 12,55,12 | S=(0,0);(0,1);(2,2) | I=(0,0) | sp=9912,1,1 | ip=1
0,1,0 | 12,55,12 | S=(0,0);(0,1);(2,2) | I=(0,0) | sp=9912,1,882 | ip=1
0,1,0 | 12,55,12 | S=(0,0);(0,1);(2,2) | I=(0,0) | sp=9912,1,883 | ip=1
0,1,0 | 12,55,12 | S=(0,0);(0,1);(2,2) | I=(0,0) | sp=9912,1,884 | ip=1
0,1,0 | 12,55,12 | S=(0,0);(0,1);(2,2) | I=(0,0) | sp=9912,1,24 | ip=1
0,1,0 | 12,55,12 | S=(0,0);(0,1);(2,2) | I=(0,0) | sp=9912,1,93 | ip=1
0,1,0 | 12,55,12 | S=(0,0);(0,1);(2,2) | I=(0,0) | sp=9912,1,9912 | ip=1
0,1,0 | 12,55,12 | S=(0,0);(0,1);(2,2) | I=(0,0) | sp=9912,1,918 | ip=1
0,1,0 | 12,55,12 | S=(0,0);(0,1);(2,2) | I=(0,0) | sp=9912,1,920 | ip=1
0,1,0 | 12,55,12 | S=(0,0);(0,1);(2,2) | I=(0,0) | sp=9912,1,921 | ip=1
0,1,0 | 12,55,12 | S=(0,0);(0,1);(2,2) | I=(0,0) | sp=9912,1,922 | ip=1
0,1,0 | 12,55,12 | S=(0,0);(0,1);(2,2) | I=(0,0) | sp=918,1,1 | ip=1
0,1,0 | 12,55,12 | S=(0,0);(0,1);(2,2) | I=(0,0) | sp=918,1,882 | ip=1
0,1,0 | 12,55,12 | S=(0,0);(0,1);(2,2) | I=(0,0) | sp=918,1,883 | ip=1
0,1,0 | 12,55,12 | S=(0,0);(0,1);(2,2) | I=(0,0) | sp=918,1,884 | ip=1
0,1,0 | 12,55,12 | S=(0,0);(0,1);(2,2) | I=(0,0) | sp=918,1,885 | ip=1
0,1,0 | 12,55,12 | S=(0,0);(0,1);(2,2) | I=(0,0) | sp=918,1,24 | ip=1
0,1,0 | 12,55,12 | S=(0,0);(0,1);(2,2) | I=(0,0) | sp=918,1,93 | ip=1
0,1,0 | 12,55,12 | S=(0,0);(0,1);(2,2) | I=(0,0) | sp=918,1,96 | ip=1
0,1,0 | 12,55,12 | S=(0,0);(0,1);(2,2) | I=(0,0) | sp=918,1,35 | ip=1
0,1,0 | 12,55,12 | S=(0,0);(0,1);(2,2) | I=(0,0) | sp=918,1,45 | ip=1
0,1,0 | 12,55,12 | S=(0,0);(0,1);(2,2) | I=(0,0) | sp=918,1,55 | ip=1
0,1,0 | 12,55,12 | S=(0,0);(0,1);(2,2) | I=(0,0) | sp=918,1,99930 | ip=1
0,1,0 | 12,55,12 | S=(0,0);(0,1);(2,2) | I=(0,0) | sp=918,1,9912 | ip=1
0,1,0 | 12,55,12 | S=(0,0);(0,1);(2,2) | I=(0,0) | sp=918,1,918 | ip=1
0,1,0 | 12,55,12 | S=(0,0);(0,1);(2,2) | I=(0,0) | sp=918,1,920 | ip=1
0,1,0 | 12,55,12 | S=(0,0);(0,1);(2,2) | I=(0,0) | sp=918,1,921 | ip=1
0,1,0 | 12,55,12 | S=(0,0);(0,1);(2,2) | I=(0,0) | sp=918,1,922 | ip=1
0,1,0 | 12,55,12 | S=(0,0);(0,1);(2,2) | I=(0,0) | sp=918,1,945 | ip=1
0,1,0 | 12,55,12 | S=(0,0);(0,1);(2,2) | I=(0,0) | sp=920,1,1 | ip=1
0,1,0 | 12,55,12 | S=(0,0);(0,1);(2,2) | I=(0,0) | sp=920,1,882 | ip=1
0,1,0 | 12,55,12 | S=(0,0);(0,1);(2,2) | I=(0,0) | sp=921,1,1 | ip=1
0,1,0 | 12,55,12 | S=(0,0);(0,1);(2,2) | I=(0,0) | sp=922,1,1 | ip=1
0,1,0 | 12,55,12 | S=(0,0);(0,1);(2,2) | I=(0,0) | sp=922,1,882 | ip=1
0,1,0 | 12,55,12 | S=(0,0);(0,1);(2,2) | I=(0,0) | sp=922,1,883 | ip=1
0,1,0 | 12,55,12 | S=(0,0);(0,1);(2,2) | I=(0,0) | sp=922,1,93 | ip=1
