0,1,0 | 6,22,4 | S=(0,0);(0,1);(2,2) | I=(0,0) | sp=1,1,1 | ip=1
0,1,0 | 6,22,6 | S=(0,0);(0,1);(2,2) | I=(0,0) | sp=1,1,883 | ip=1
0,1,0 | 6,22,6 | S=(0,0);(0,1);(2,2) | I=(0,0) | sp=1,1,23 | ip=1
0,1,0 | 6,22,6 | S=(0,0);(0,1);(2,2) | I=(0,0) | sp=1,1,33 | ip=1
0,1,0 | 6,22,6 | S=(0,0);(0,1);(2,2) | I=(0,0) | sp=1,1,915 | ip=1
0,1,0 | 6,22,6 | S=(0,0);(0,1);(2,2) | I=(0,0) | sp=1,1,331 | ip=1
0,1,0 | 6,22,6 | S=(0,0);(0,1);(2,2) | I=(0,0) | sp=1,1,43 | ip=1
0,1,0 | 6,22,6 | S=(0,0);(0,1);(2,2) | I=(0,0) | sp=1,1,53 | ip=1
0,1,0 | 6,22,6 | S=(0,0);(0,1);(2,2) | I=(0,0) | sp=1,1,99910 | ip=1
0,1,0 | 6,22,6 | S=(0,0);(0,1);(2,2) | I=(0,0) | sp=1,1,943 | ip=1
0,1,0 | 6,22,6 | S=(0,0);(0,1);(2,2) | I=(0,0) | sp=1,912,882 | ip=1
0,1,0 | 6,22,6 | S=(0,0);(0,1);(2,2) | I=(0,0) | sp=1,912,22 | ip=1
0,1,0 | 6,22,6 | S=(0,0);(0,1);(2,2) | I=(0,0) | sp=912,1,882 | ip=1
0,1,0 | 6,22,6 | S=(0,0);(0,1);(2,2) | I=(0,0) | sp=912,1,22 | ip=1
0,1,0 | 7,32,4 | S=(0,0);(0,1);(2,2) | I=(0,0) | sp=1,1,1 | ip=1
0,1,0 | 7,33,6 | S=(0,0);(0,1);(2,2) | I=(0,0) | sp=1,1,882 | ip=1
0,1,0 | 7,33,6 | S=(0,0);(0,1);(2,2) | I=(0,0) | sp=1,1,22 | ip=1
0,1,0 | 7,33,7 | S=(0,0);(0,1);(2,2) | I=(0,0) | sp=1,1,883 | ip=1
0,1,0 | 7,33,7 | S=(0,0);(0,1);(2,2) | I=(0,0) | sp=1,1,23 | ip=1
0,1,0 | 7,33,7 | S=(0,0);(0,1);(2,2) | I=(0,0) | sp=1,1,33 | ip=1
0,1,0 | 7,33,8 | S=(0,0);(0,1);(2,2) | I=(0,0) | sp=1,1,884 | ip=1
0,1,0 | 7,33,8 | S=(0,0);(0,1);(2,2) | I=(0,0) | sp=1,1,24 | ip=1
0,1,0 | 7,33,8 | S=(0,0);(0,1);(2,2) | I=(0,0) | sp=1,1,993 | ip=1
0,1,0 | 7,33,8 | S=(0,0);(0,1);(2,2) | I=(0,0) | sp=1,1,911 | ip=1
0,1,0 | 7,33,8 | S=(0,0);(0,1);(2,2) | I=(0,0) | sp=1,1,34 | ip=1
0,1,0 | 7,33,8 | S=(0,0);(0,1);(2,2) | I=(0,0) | sp=1,1,44 | ip=1
0,1,0 | 7,33,8 | S=(0,0);(0,1);(2,2) | I=(0,0) | sp=1,1,54 | ip=1
0,1,0 | 7,33,8 | S=(0,0);(0,1);(2,2) | I=(0,0) | sp=1,1,99920 | ip=1
0,1,0 | 7,33,8 | S=(0,0);(0,1);(2,2) | I=(0,0) | sp=1,1,9914 | ip=1
0,1,0 | 7,33,8 | S=(0,0);(0,1);(2,2) | I=(0,0) | sp=1,1,944 | ip=1
0,1,0 | 8,32,4 | S=(0,0);(0,1);(2,2) | I=(0,0) | sp=1,1,912 | ip=1
0,1,0 | 8,32,4 | S=(0,0);(0,1);(2,2) | I=(0,0) | sp=1,1,1 | ip=882
0,1,0 | 8,32,4 | S=(0,0);(0,1);(2,2) | I=(0,0) | sp=1,882,1 | ip=1
0,1,0 | 8,32,4 | S=(0,0);(0,1);(2,2) | I=(0,0) | sp=882,1,1 | ip=1
0,1,0 | 8,33,6 | S=(0,0);(0,1);(2,2) | I=(0,0) | sp=1,1,97 | ip=1
0,1,0 | 8,33,6 | S=(0,0);(0,1);(2,2) | I=(0,0) | sp=1,1,882 | ip=882
0,1,0 | 8,33,6 | S=(0,0);(0,1);(2,2) | I=(0,0) | sp=1,1,22 | ip=882
0,1,0 | 8,33,6 | S=(0,0);(0,1);(2,2) | I=(0,0) | sp=1,882,882 | ip=1
0,1,0 | 8,33,6 | S=(0,0);(0,1);(2,2) | I=(0,0) | sp=1,882,22 | ip=1
0,1,0 | 8,33,6 | S=(0,0);(0,1);(2,2) | I=(0,0) | sp=1,97,1 | ip=1
0,1,0 | 8,33,6 | S=(0,0);(0,1);(2,2) | I=(0,0) | sp=882,1,882 | ip=1
0,1,0 | 8,33,6 | S=(0,0);(0,1);(2,2) | I=(0,0) | sp=882,1,22 | ip=1
0,1,0 | 8,33,6 | S=(0,0);(0,1);(2,2) | I=(0,0) | sp=97,1,1 | ip=1
0,1,0 | 8,33,7 | S=(0,0);(0,1);(2,2) | I=(0,0) | sp=1,1,93 | ip=1
0,1,0 | 8,33,7 | S=(0,0);(0,1);(2,2) | I=(0,0) | sp=1,1,9913 | ip=1
0,1,0 | 8,33,7 | S=(0,0);(0,1);(2,2) | I=(0,0) | sp=1,1,925 | ip=1
0,1,0 | 8,33,7 | S=(0,0);(0,1);(2,2) | I=(0,0) | sp=1,1,883 | ip=882
0,1,0 | 8,33,7 | S=(0,0);(0,1);(2,2) | I=(0,0) | sp=1,1,23 | ip=882
0,1,0 | 8,33,7 | S=(0,0);(0,1);(2,2) | I=(0,0) | sp=1,1,33 | ip=882
0,1,0 | 8,33,7 | S=(0,0);(0,1);(2,2) | I=(0,0) | sp=1,882,883 | ip=1
0,1,0 | 8,33,7 | S=(0,0);(0,1);(2,2) | I=(0,0) | sp=1,882,23 | ip=1
0,1,0 | 8,33,7 | S=(0,0);(0,1);(2,2) | I=(0,0) | sp=1,882,33 | ip=1
0,1,0 | 8,33,7 | S=(0,0);(0,1);(2,2) | I=(0,0) | sp=1,97,882 | ip=1
0,1,0 | 8,33,7 | S=(0,0);(0,1);(2,2) | I=(0,0) | sp=1,98,1 | ip=1
0,1,0 | 8,33,7 | S=(0,0);(0,1);(2,2) | I=(0,0) | sp=882,1,883 | ip=1
0,1,0 | 8,33,7 | S=(0,0);(0,1);(2,2) | I=(0,0) | sp=882,1,23 | ip=1
0,1,0 | 8,33,7 | S=(0,0);(0,1);(2,2) | I=(0,0) | sp=882,1,33 | ip=1
0,1,0 | 8,33,7 | S=(0,0);(0,1);(2,2) | I=(0,0) | sp=97,1,882 | ip=1
0,1,0 | 8,33,7 | S=(0,0);(0,1);(2,2) | I=(0,0) | sp=98,1,1 | ip=1
0,1,0 | 8,33,8 | S=(0,0);(0,1);(2,2) | I=(0,0) | sp=1,1,9912 | ip=1
0,1,0 | 8,33,8 | S=(0,0);(0,1);(2,2) | I=(0,0) | sp=1,1,952 | ip=1
0,1,0 | 8,33,8 | S=(0,0);(0,1);(2,2) | I=(0,0) | sp=1,1,884 | ip=882
0,1,0 | 8,33,8 | S=(0,0);(0,1);(2,2) | I=(0,0) | sp=1,1,24 | ip=882
0,1,0 | 8,33,8 | S=(0,0);(0,1);(2,2) | I=(0,0) | sp=1,1,993 | ip=882
0,1,0 | 8,33,8 | S=(0,0);(0,1);(2,2) | I=(0,0) | sp=1,1,911 | ip=882
0,1,0 | 8,33,8 | S=(0,0);(0,1);(2,2) | I=(0,0) | sp=1,1,34 | ip=882
0,1,0 | 8,33,8 | S=(0,0);(0,1);(2,2) | I=(0,0) | sp=1,1,44 | ip=882
0,1,0 | 8,33,8 | S=(0,0);(0,1);(2,2) | I=(0,0) | sp=1,1,54 | ip=882
0,1,0 | 8,33,8 | S=(0,0);(0,1);(2,2) | I=(0,0) | sp=1,1,99920 | ip=882
0,1,0 | 8,33,8 | S=(0,0);(0,1);(2,2) | I=(0,0) | sp=1,1,9914 | ip=882
0,1,0 | 8,33,8 | S=(0,0);(0,1);(2,2) | I=(0,0) | sp=1,1,944 | ip=882
0,1,0 | 8,33,8 | S=(0,0);(0,1);(2,2) | I=(0,0) | sp=1,882,884 | ip=1
0,1,0 | 8,33,8 | S=(0,0);(0,1);(2,2) | I=(0,0) | sp=1,882,24 | ip=1
0,1,0 | 8,33,8 | S=(0,0);(0,1);(2,2) | I=(0,0) | sp=1,882,993 | ip=1
0,1,0 | 8,33,8 | S=(0,0);(0,1);(2,2) | I=(0,0) | sp=1,882,911 | ip=1
0,1,0 | 8,33,8 | S=(0,0);(0,1);(2,2) | I=(0,0) | sp=1,882,34 | ip=1
0,1,0 | 8,33,8 | S=(0,0);(0,1);(2,2) | I=(0,0) | sp=1,882,44 | ip=1
0,1,0 | 8,33,8 | S=(0,0);(0,1);(2,2) | I=(0,0) | sp=1,882,54 | ip=1
0,1,0 | 8,33,8 | S=(0,0);(0,1);(2,2) | I=(0,0) | sp=1,882,99920 | ip=1
0,1,0 | 8,33,8 | S=(0,0);(0,1);(2,2) | I=(0,0) | sp=1,882,9914 | ip=1
0,1,0 | 8,33,8 | S=(0,0);(0,1);(2,2) | I=(0,0) | sp=1,882,944 | ip=1
0,1,0 | 8,33,8 | S=(0,0);(0,1);(2,2) | I=(0,0) | sp=1,97,883 | ip=1
0,1,0 | 8,33,8 | S=(0,0);(0,1);(2,2) | I=(0,0) | sp=1,97,23 | ip=1
0,1,0 | 8,33,8 | S=(0,0);(0,1);(2,2) | I=(0,0) | sp=1,97,33 | ip=1
0,1,0 | 8,33,8 | S=(0,0);(0,1);(2,2) | I=(0,0) | sp=1,98,882 | ip=1
0,1,0 | 8,33,8 | S=(0,0);(0,1);(2,2) | I=(0,0) | sp=882,1,884 | ip=1
0,1,0 | 8,33,8 | S=(0,0);(0,1);(2,2) | I=(0,0) | sp=882,1,24 | ip=1
0,1,0 | 8,33,8 | S=(0,0);(0,1);(2,2) | I=(0,0) | sp=882,1,993 | ip=1
0,1,0 | 8,33,8 | S=(0,0);(0,1);(2,2) | I=(0,0) | sp=882,1,911 | ip=1
0,1,0 | 8,33,8 | S=(0,0);(0,1);(2,2) | I=(0,0) | sp=882,1,34 | ip=1
0,1,0 | 8,33,8 | S=(0,0);(0,1);(2,2) | I=(0,0) | sp=882,1,44 | ip=1
0,1,0 | 8,33,8 | S=(0,0);(0,1);(2,2) | I=(0,0) | sp=882,1,54 | ip=1
0,1,0 | 8,33,8 | S=(0,0);(0,1);(2,2) | I=(0,0) | sp=882,1,99920 | ip=1
0,1,0 | 8,33,8 | S=(0,0);(0,1);(2,2) | I=(0,0) | sp=882,1,9914 | ip=1
0,1,0 | 8,33,8 | S=(0,0);(0,1);(2,2) | I=(0,0) | sp=882,1,944 | ip=1
0,1,0 | 8,33,8 | S=(0,0);(0,1);(2,2) | I=(0,0) | sp=97,1,883 | ip=1
0,1,0 | 8,33,8 | S=(0,0);(0,1);(2,2) | I=(0,0) | sp=97,1,23 | ip=1
0,1,0 | 8,33,8 | S=(0,0);(0,1);(2,2) | I=(0,0) | sp=97,1,33 | ip=1
0,1,0 | 8,33,8 | S=(0,0);(0,1);(2,2) | I=(0,0) | sp=98,1,882 | ip=1
0,1,0 | 8,42,4 | S=(0,0);(0,1);(2,2) | I=(0,0) | sp=1,1,1 | ip=1
0,1,0 | 8,43,6 | S=(0,0);(0,1);(2,2) | I=(0,0) | sp=1,1,882 | ip=1
0,1,0 | 8,43,6 | S=(0,0);(0,1);(2,2) | I=(0,0) | sp=1,1,22 | ip=1
0,1,0 | 8,44,6 | S=(0,0);(0,1);(2,2) | I=(0,0) | sp=1,1,1 | ip=1
0,1,0 | 8,44,7 | S=(0,0);(0,1);(2,2) | I=(0,0) | sp=1,1,882 | ip=1
0,1,0 | 8,44,8 | S=(0,0);(0,1);(2,2) | I=(0,0) | sp=1,1,883 | ip=1
0,1,0 | 8,44,8 | S=(0,0);(0,1);(2,2) | I=(0,0) | sp=1,1,23 | ip=1
0,1,0 | 8,44,8 | S=(0,0);(0,1);(2,2) | I=(0,0) | sp=1,1,33 | ip=1
0,1,0 | 8,45,7 | S=(0,0);(0,1);(2,2) | I=(0,0) | sp=1,1,1 | ip=1
0,1,0 | 8,45,8 | S=(0,0);(0,1);(2,2) | I=(0,0) | sp=1,1,882 | ip=1
0,1,0 | 8,45,12 | S=(0,0);(0,1);(2,2) | I=(0,0) | sp=1,1,886 | ip=1
0,1,0 | 8,45,12 | S=(0,0);(0,1);(2,2) | I=(0,0) | sp=1,1,94 | ip=1
0,1,0 | 8,45,12 | S=(0,0);(0,1);(2,2) | I=(0,0) | sp=1,1,996 | ip=1
0,1,0 | 8,45,12 | S=(0,0);(0,1);(2,2) | I=(0,0) | sp=1,1,919 | ip=1
0,1,0 | 8,45,12 | S=(0,0);(0,1);(2,2) | I=(0,0) | sp=1,1,9915 | ip=1
0,1,0 | 8,45,12 | S=(0,0);(0,1);(2,2) | I=(0,0) | sp=1,1,946 | ip=1
0,1,0 | 12,42,4 | S=(0,0);(0,1);(2,2) | I=(0,0) | sp=1,1,917 | ip=882
0,1,0 | 12,42,4 | S=(0,0);(0,1);(2,2) | I=(0,0) | sp=1,1,916 | ip=883
0,1,0 | 12,42,4 | S=(0,0);(0,1);(2,2) | I=(0,0) | sp=1,882,917 | ip=1
0,1,0 | 12,42,4 | S=(0,0);(0,1);(2,2) | I=(0,0) | sp=1,882,916 | ip=882
0,1,0 | 12,42,4 | S=(0,0);(0,1);(2,2) | I=(0,0) | sp=1,882,912 | ip=883
0,1,0 | 12,42,4 | S=(0,0);(0,1);(2,2) | I=(0,0) | sp=1,883,916 | ip=1
0,1,0 | 12,42,4 | S=(0,0);(0,1);(2,2) | I=(0,0) | sp=1,883,912 | ip=882
0,1,0 | 12,42,4 | S=(0,0);(0,1);(2,2) | I=(0,0) | sp=1,883,1 | ip=883
0,1,0 | 12,42,4 | S=(0,0);(0,1);(2,2) | I=(0,0) | sp=1,884,912 | ip=1
0,1,0 | 12,42,4 | S=(0,0);(0,1);(2,2) | I=(0,0) | sp=1,884,1 | ip=882
0,1,0 | 12,42,4 | S=(0,0);(0,1);(2,2) | I=(0,0) | sp=1,885,1 | ip=1
0,1,0 | 12,42,4 | S=(0,0);(0,1);(2,2) | I=(0,0) | sp=1,24,912 | ip=1
0,1,0 | 12,42,4 | S=(0,0);(0,1);(2,2) | I=(0,0) | sp=1,24,1 | ip=882
0,1,0 | 12,42,4 | S=(0,0);(0,1);(2,2) | I=(0,0) | sp=1,96,1 | ip=1
0,1,0 | 12,42,4 | S=(0,0);(0,1);(2,2) | I=(0,0) | sp=1,35,1 | ip=1
0,1,0 | 12,42,4 | S=(0,0);(0,1);(2,2) | I=(0,0) | sp=1,45,1 | ip=1
0,1,0 | 12,42,4 | S=(0,0);(0,1);(2,2) | I=(0,0) | sp=1,55,1 | ip=1
0,1,0 | 12,42,4 | S=(0,0);(0,1);(2,2) | I=(0,0) | sp=1,99930,1 | ip=1
0,1,0 | 12,42,4 | S=(0,0);(0,1);(2,2) | I=(0,0) | sp=1,945,1 | ip=1
0,1,0 | 12,42,4 | S=(0,0);(0,1);(2,2) | I=(0,0) | sp=882,1,917 | ip=1
0,1,0 | 12,42,4 | S=(0,0);(0,1);(2,2) | I=(0,0) | sp=882,1,916 | ip=882
0,1,0 | 12,42,4 | S=(0,0);(0,1);(2,2) | I=(0,0) | sp=882,1,912 | ip=883
0,1,0 | 12,42,4 | S=(0,0);(0,1);(2,2) | I=(0,0) | sp=882,882,916 | ip=1
0,1,0 | 12,42,4 | S=(0,0);(0,1);(2,2) | I=(0,0) | sp=882,882,912 | ip=882
0,1,0 | 12,42,4 | S=(0,0);(0,1);(2,2) | I=(0,0) | sp=882,882,1 | ip=883
0,1,0 | 12,42,4 | S=(0,0);(0,1);(2,2) | I=(0,0) | sp=882,883,912 | ip=1
0,1,0 | 12,42,4 | S=(0,0);(0,1);(2,2) | I=(0,0) | sp=882,883,1 | ip=882
0,1,0 | 12,42,4 | S=(0,0);(0,1);(2,2) | I=(0,0) | sp=882,884,1 | ip=1
0,1,0 | 12,42,4 | S=(0,0);(0,1);(2,2) | I=(0,0) | sp=882,24,1 | ip=1
0,1,0 | 12,42,4 | S=(0,0);(0,1);(2,2) | I=(0,0) | sp=883,1,916 | ip=1
0,1,0 | 12,42,4 | S=(0,0);(0,1);(2,2) | I=(0,0) | sp=883,1,912 | ip=882
0,1,0 | 12,42,4 | S=(0,0);(0,1);(2,2) | I=(0,0) | sp=883,1,1 | ip=883
0,1,0 | 12,42,4 | S=(0,0);(0,1);(2,2) | I=(0,0) | sp=883,882,912 | ip=1
0,1,0 | 12,42,4 | S=(0,0);(0,1);(2,2) | I=(0,0) | sp=883,882,1 | ip=882
0,1,0 | 12,42,4 | S=(0,0);(0,1);(2,2) | I=(0,0) | sp=883,883,1 | ip=1
0,1,0 | 12,42,4 | S=(0,0);(0,1);(2,2) | I=(0,0) | sp=884,1,912 | ip=1
0,1,0 | 12,42,4 | S=(0,0);(0,1);(2,2) | I=(0,0) | sp=884,1,1 | ip=882
0,1,0 | 12,42,4 | S=(0,0);(0,1);(2,2) | I=(0,0) | sp=884,882,1 | ip=1
0,1,0 | 12,42,4 | S=(0,0);(0,1);(2,2) | I=(0,0) | sp=885,1,1 | ip=1
0,1,0 | 12,42,4 | S=(0,0);(0,1);(2,2) | I=(0,0) | sp=24,1,912 | ip=1
0,1,0 | 12,42,4 | S=(0,0);(0,1);(2,2) | I=(0,0) | sp=24,1,1 | ip=882
0,1,0 | 12,42,4 | S=(0,0);(0,1);(2,2) | I=(0,0) | sp=24,882,1 | ip=1
0,1,0 | 12,42,4 | S=(0,0);(0,1);(2,2) | I=(0,0) | sp=96,1,1 | ip=1
0,1,0 | 12,42,4 | S=(0,0);(0,1);(2,2) | I=(0,0) | sp=35,1,1 | ip=1
0,1,0 | 12,42,4 | S=(0,0);(0,1);(2,2) | I=(0,0) | sp=45,1,1 | ip=1
0,1,0 | 12,42,4 | S=(0,0);(0,1);(2,2) | I=(0,0) | sp=55,1,1 | ip=1
0,1,0 | 12,42,4 | S=(0,0);(0,1);(2,2) | I=(0,0) | sp=99930,1,1 | ip=1
0,1,0 | 12,42,4 | S=(0,0);(0,1);(2,2) | I=(0,0) | sp=945,1,1 | ip=1
0,1,0 | 12,53,6 | S=(0,0);(0,1);(2,2) | I=(0,0) | sp=1,1,936 | ip=1
0,1,0 | 12,53,6 | S=(0,0);(0,1);(2,2) | I=(0,0) | sp=1,1,98 | ip=882
0,1,0 | 12,53,6 | S=(0,0);(0,1);(2,2) | I=(0,0) | sp=1,1,938 | ip=882
0,1,0 | 12,53,6 | S=(0,0);(0,1);(2,2) | I=(0,0) | sp=1,1,97 | ip=883
0,1,0 | 12,53,6 | S=(0,0);(0,1);(2,2) | I=(0,0) | sp=1,882,98 | ip=1
0,1,0 | 12,53,6 | S=(0,0);(0,1);(2,2) | I=(0,0) | sp=1,882,938 | ip=1
0,1,0 | 12,53,6 | S=(0,0);(0,1);(2,2) | I=(0,0) | sp=1,882,97 | ip=882
0,1,0 | 12,53,6 | S=(0,0);(0,1);(2,2) | I=(0,0) | sp=1,882,882 | ip=883
0,1,0 | 12,53,6 | S=(0,0);(0,1);(2,2) | I=(0,0) | sp=1,882,22 | ip=883
0,1,0 | 12,53,6 | S=(0,0);(0,1);(2,2) | I=(0,0) | sp=1,883,97 | ip=1
0,1,0 | 12,53,6 | S=(0,0);(0,1);(2,2) | I=(0,0) | sp=1,883,882 | ip=882
0,1,0 | 12,53,6 | S=(0,0);(0,1);(2,2) | I=(0,0) | sp=1,883,22 | ip=882
0,1,0 | 12,53,6 | S=(0,0);(0,1);(2,2) | I=(0,0) | sp=1,884,882 | ip=1
0,1,0 | 12,53,6 | S=(0,0);(0,1);(2,2) | I=(0,0) | sp=1,884,22 | ip=1
0,1,0 | 12,53,6 | S=(0,0);(0,1);(2,2) | I=(0,0) | sp=1,24,882 | ip=1
0,1,0 | 12,53,6 | S=(0,0);(0,1);(2,2) | I=(0,0) | sp=1,24,22 | ip=1
0,1,0 | 12,53,6 | S=(0,0);(0,1);(2,2) | I=(0,0) | sp=1,93,934 | ip=1
0,1,0 | 12,53,6 | S=(0,0);(0,1);(2,2) | I=(0,0) | sp=1,93,1 | ip=882
0,1,0 | 12,53,6 | S=(0,0);(0,1);(2,2) | I=(0,0) | sp=1,9912,1 | ip=1
0,1,0 | 12,53,6 | S=(0,0);(0,1);(2,2) | I=(0,0) | sp=1,918,912 | ip=1
0,1,0 | 12,53,6 | S=(0,0);(0,1);(2,2) | I=(0,0) | sp=882,1,98 | ip=1
0,1,0 | 12,53,6 | S=(0,0);(0,1);(2,2) | I=(0,0) | sp=882,1,938 | ip=1
0,1,0 | 12,53,6 | S=(0,0);(0,1);(2,2) | I=(0,0) | sp=882,1,97 | ip=882
0,1,0 | 12,53,6 | S=(0,0);(0,1);(2,2) | I=(0,0) | sp=882,1,882 | ip=883
0,1,0 | 12,53,6 | S=(0,0);(0,1);(2,2) | I=(0,0) | sp=882,1,22 | ip=883
0,1,0 | 12,53,6 | S=(0,0);(0,1);(2,2) | I=(0,0) | sp=882,882,97 | ip=1
0,1,0 | 12,53,6 | S=(0,0);(0,1);(2,2) | I=(0,0) | sp=882,882,882 | ip=882
0,1,0 | 12,53,6 | S=(0,0);(0,1);(2,2) | I=(0,0) | sp=882,882,22 | ip=882
0,1,0 | 12,53,6 | S=(0,0);(0,1);(2,2) | I=(0,0) | sp=882,883,882 | ip=1
0,1,0 | 12,53,6 | S=(0,0);(0,1);(2,2) | I=(0,0) | sp=882,883,22 | ip=1
0,1,0 | 12,53,6 | S=(0,0);(0,1);(2,2) | I=(0,0) | sp=882,93,1 | ip=1
0,1,0 | 12,53,6 | S=(0,0);(0,1);(2,2) | I=(0,0) | sp=883,1,97 | ip=1
0,1,0 | 12,53,6 | S=(0,0);(0,1);(2,2) | I=(0,0) | sp=883,1,882 | ip=882
0,1,0 | 12,53,6 | S=(0,0);(0,1);(2,2) | I=(0,0) | sp=883,1,22 | ip=882
0,1,0 | 12,53,6 | S=(0,0);(0,1);(2,2) | I=(0,0) | sp=883,882,882 | ip=1
0,1,0 | 12,53,6 | S=(0,0);(0,1);(2,2) | I=(0,0) | sp=883,882,22 | ip=1
0,1,0 | 12,53,6 | S=(0,0);(0,1);(2,2) | I=(0,0) | sp=884,1,882 | ip=1
0,1,0 | 12,53,6 | S=(0,0);(0,1);(2,2) | I=(0,0) | sp=884,1,22 | ip=1
0,1,0 | 12,53,6 | S=(0,0);(0,1);(2,2) | I=(0,0) | sp=24,1,882 | ip=1
0,1,0 | 12,53,6 | S=(0,0);(0,1);(2,2) | I=(0,0) | sp=24,1,22 | ip=1
0,1,0 | 12,53,6 | S=(0,0);(0,1);(2,2) | I=(0,0) | sp=93,1,934 | ip=1
0,1,0 | 12,53,6 | S=(0,0);(0,1);(2,2) | I=(0,0) | sp=93,1,1 | ip=882
0,1,0 | 12,53,6 | S=(0,0);(0,1);(2,2) | I=(0,0) | sp=93,882,1 | ip=1
0,1,0 | 12,53,6 | S=(0,0);(0,1);(2,2) | I=(0,0) | sp=9912,1,1 | ip=1
0,1,0 | 12,53,6 | S=(0,0);(0,1);(2,2) | I=(0,0) | sp=918,1,912 | ip=1
0,1,0 | 12,54,6 | S=(0,0);(0,1);(2,2) | I=(0,0) | sp=1,1,912 | ip=883
0,1,0 | 12,54,6 | S=(0,0);(0,1);(2,2) | I=(0,0) | sp=1,882,912 | ip=882
0,1,0 | 12,54,6 | S=(0,0);(0,1);(2,2) | I=(0,0) | sp=1,882,1 | ip=883
0,1,0 | 12,54,6 | S=(0,0);(0,1);(2,2) | I=(0,0) | sp=1,883,912 | ip=1
0,1,0 | 12,54,6 | S=(0,0);(0,1);(2,2) | I=(0,0) | sp=1,883,1 | ip=882
0,1,0 | 12,54,6 | S=(0,0);(0,1);(2,2) | I=(0,0) | sp=1,884,1 | ip=1
0,1,0 | 12,54,6 | S=(0,0);(0,1);(2,2) | I=(0,0) | sp=1,24,1 | ip=1
0,1,0 | 12,54,6 | S=(0,0);(0,1);(2,2) | I=(0,0) | sp=882,1,912 | ip=882
0,1,0 | 12,54,6 | S=(0,0);(0,1);(2,2) | I=(0,0) | sp=882,1,1 | ip=883
0,1,0 | 12,54,6 | S=(0,0);(0,1);(2,2) | I=(0,0) | sp=882,882,912 | ip=1
0,1,0 | 12,54,6 | S=(0,0);(0,1);(2,2) | I=(0,0) | sp=882,882,1 | ip=882
0,1,0 | 12,54,6 | S=(0,0);(0,1);(2,2) | I=(0,0) | sp=882,883,1 | ip=1
0,1,0 | 12,54,6 | S=(0,0);(0,1);(2,2) | I=(0,0) | sp=883,1,912 | ip=1
0,1,0 | 12,54,6 | S=(0,0);(0,1);(2,2) | I=(0,0) | sp=883,1,1 | ip=882
0,1,0 | 12,54,6 | S=(0,0);(0,1);(2,2) | I=(0,0) | sp=883,882,1 | ip=1
0,1,0 | 12,54,6 | S=(0,0);(0,1);(2,2) | I=(0,0) | sp=884,1,1 | ip=1
0,1,0 | 12,54,6 | S=(0,0);(0,1);(2,2) | I=(0,0) | sp=24,1,1 | ip=1
0,1,0 | 12,54,7 | S=(0,0);(0,1);(2,2) | I=(0,0) | sp=1,1,98 | ip=882
0,1,0 | 12,54,7 | S=(0,0);(0,1);(2,2) | I=(0,0) | sp=1,1,97 | ip=883
0,1,0 | 12,54,7 | S=(0,0);(0,1);(2,2) | I=(0,0) | sp=1,882,98 | ip=1
0,1,0 | 12,54,7 | S=(0,0);(0,1);(2,2) | I=(0,0) | sp=1,882,97 | ip=882
0,1,0 | 12,54,7 | S=(0,0);(0,1);(2,2) | I=(0,0) | sp=1,882,882 | ip=883
0,1,0 | 12,54,7 | S=(0,0);(0,1);(2,2) | I=(0,0) | sp=1,883,97 | ip=1
0,1,0 | 12,54,7 | S=(0,0);(0,1);(2,2) | I=(0,0) | sp=1,883,882 | ip=882
0,1,0 | 12,54,7 | S=(0,0);(0,1);(2,2) | I=(0,0) | sp=1,884,882 | ip=1
0,1,0 | 12,54,7 | S=(0,0);(0,1);(2,2) | I=(0,0) | sp=1,24,882 | ip=1
0,1,0 | 12,54,7 | S=(0,0);(0,1);(2,2) | I=(0,0) | sp=1,93,1 | ip=882
0,1,0 | 12,54,7 | S=(0,0);(0,1);(2,2) | I=(0,0) | sp=1,9912,1 | ip=1
0,1,0 | 12,54,7 | S=(0,0);(0,1);(2,2) | I=(0,0) | sp=882,1,98 | ip=1
0,1,0 | 12,54,7 | S=(0,0);(0,1);(2,2) | I=(0,0) | sp=882,1,97 | ip=882
0,1,0 | 12,54,7 | S=(0,0);(0,1);(2,2) | I=(0,0) | sp=882,1,882 | ip=883
0,1,0 | 12,54,7 | S=(0,0);(0,1);(2,2) | I=(0,0) | sp=882,882,97 | ip=1
0,1,0 | 12,54,7 | S=(0,0);(0,1);(2,2) | I=(0,0) | sp=882,882,882 | ip=882
0,1,0 | 12,54,7 | S=(0,0);(0,1);(2,2) | I=(0,0) | sp=882,883,882 | ip=1
0,1,0 | 12,54,7 | S=(0,0);(0,1);(2,2) | I=(0,0) | sp=882,93,1 | ip=1
0,1,0 | 12,54,7 | S=(0,0);(0,1);(2,2) | I=(0,0) | sp=883,1,97 | ip=1
0,1,0 | 12,54,7 | S=(0,0);(0,1);(2,2) | I=(0,0) | sp=883,1,882 | ip=882
0,1,0 | 12,54,7 | S=(0,0);(0,1);(2,2) | I=(0,0) | sp=883,882,882 | ip=1
0,1,0 | 12,54,7 | S=(0,0);(0,1);(2,2) | I=(0,0) | sp=884,1,882 | ip=1
0,1,0 | 12,54,7 | S=(0,0);(0,1);(2,2) | I=(0,0) | sp=24,1,882 | ip=1
0,1,0 | 12,54,7 | S=(0,0);(0,1);(2,2) | I=(0,0) | sp=93,1,1 | ip=882
0,1,0 | 12,54,7 | S=(0,0);(0,1);(2,2) | I=(0,0) | sp=93,882,1 | ip=1
0,1,0 | 12,54,7 | S=(0,0);(0,1);(2,2) | I=(0,0) | sp=9912,1,1 | ip=1
0,1,0 | 12,54,8 | S=(0,0);(0,1);(2,2) | I=(0,0) | sp=1,1,927 | ip=1
0,1,0 | 12,54,8 | S=(0,0);(0,1);(2,2) | I=(0,0) | sp=1,1,929 | ip=882
0,1,0 | 12,54,8 | S=(0,0);(0,1);(2,2) | I=(0,0) | sp=1,1,93 | ip=883
0,1,0 | 12,54,8 | S=(0,0);(0,1);(2,2) | I=(0,0) | sp=1,1,9913 | ip=883
0,1,0 | 12,54,8 | S=(0,0);(0,1);(2,2) | I=(0,0) | sp=1,1,925 | ip=883
0,1,0 | 12,54,8 | S=(0,0);(0,1);(2,2) | I=(0,0) | sp=1,882,929 | ip=1
0,1,0 | 12,54,8 | S=(0,0);(0,1);(2,2) | I=(0,0) | sp=1,882,93 | ip=882
0,1,0 | 12,54,8 | S=(0,0);(0,1);(2,2) | I=(0,0) | sp=1,882,9913 | ip=882
0,1,0 | 12,54,8 | S=(0,0);(0,1);(2,2) | I=(0,0) | sp=1,882,925 | ip=882
0,1,0 | 12,54,8 | S=(0,0);(0,1);(2,2) | I=(0,0) | sp=1,882,883 | ip=883
0,1,0 | 12,54,8 | S=(0,0);(0,1);(2,2) | I=(0,0) | sp=1,882,23 | ip=883
0,1,0 | 12,54,8 | S=(0,0);(0,1);(2,2) | I=(0,0) | sp=1,882,33 | ip=883
0,1,0 | 12,54,8 | S=(0,0);(0,1);(2,2) | I=(0,0) | sp=1,883,93 | ip=1
0,1,0 | 12,54,8 | S=(0,0);(0,1);(2,2) | I=(0,0) | sp=1,883,9913 | ip=1
0,1,0 | 12,54,8 | S=(0,0);(0,1);(2,2) | I=(0,0) | sp=1,883,925 | ip=1
0,1,0 | 12,54,8 | S=(0,0);(0,1);(2,2) | I=(0,0) | sp=1,883,883 | ip=882
0,1,0 | 12,54,8 | S=(0,0);(0,1);(2,2) | I=(0,0) | sp=1,883,23 | ip=882
0,1,0 | 12,54,8 | S=(0,0);(0,1);(2,2) | I=(0,0) | sp=1,883,33 | ip=882
0,1,0 | 12,54,8 | S=(0,0);(0,1);(2,2) | I=(0,0) | sp=1,884,883 | ip=1
0,1,0 | 12,54,8 | S=(0,0);(0,1);(2,2) | I=(0,0) | sp=1,884,23 | ip=1
0,1,0 | 12,54,8 | S=(0,0);(0,1);(2,2) | I=(0,0) | sp=1,884,33 | ip=1
0,1,0 | 12,54,8 | S=(0,0);(0,1);(2,2) | I=(0,0) | sp=1,24,883 | ip=1
0,1,0 | 12,54,8 | S=(0,0);(0,1);(2,2) | I=(0,0) | sp=1,24,23 | ip=1
0,1,0 | 12,54,8 | S=(0,0);(0,1);(2,2) | I=(0,0) | sp=1,24,33 | ip=1
0,1,0 | 12,54,8 | S=(0,0);(0,1);(2,2) | I=(0,0) | sp=1,93,924 | ip=1
0,1,0 | 12,54,8 | S=(0,0);(0,1);(2,2) | I=(0,0) | sp=1,93,882 | ip=882
0,1,0 | 12,54,8 | S=(0,0);(0,1);(2,2) | I=(0,0) | sp=1,9912,882 | ip=1
0,1,0 | 12,54,8 | S=(0,0);(0,1);(2,2) | I=(0,0) | sp=1,918,97 | ip=1
0,1,0 | 12,54,8 | S=(0,0);(0,1);(2,2) | I=(0,0) | sp=1,922,1 | ip=1
0,1,0 | 12,54,8 | S=(0,0);(0,1);(2,2) | I=(0,0) | sp=882,1,929 | ip=1
0,1,0 | 12,54,8 | S=(0,0);(0,1);(2,2) | I=(0,0) | sp=882,1,93 | ip=882
0,1,0 | 12,54,8 | S=(0,0);(0,1);(2,2) | I=(0,0) | sp=882,1,9913 | ip=882
0,1,0 | 12,54,8 | S=(0,0);(0,1);(2,2) | I=(0,0) | sp=882,1,925 | ip=882
0,1,0 | 12,54,8 | S=(0,0);(0,1);(2,2) | I=(0,0) | sp=882,1,883 | ip=883
0,1,0 | 12,54,8 | S=(0,0);(0,1);(2,2) | I=(0,0) | sp=882,1,23 | ip=883
0,1,0 | 12,54,8 | S=(0,0);(0,1);(2,2) | I=(0,0) | sp=882,1,33 | ip=883
0,1,0 | 12,54,8 | S=(0,0);(0,1);(2,2) | I=(0,0) | sp=882,882,93 | ip=1
0,1,0 | 12,54,8 | S=(0,0);(0,1);(2,2) | I=(0,0) | sp=882,882,9913 | ip=1
0,1,0 | 12,54,8 | S=(0,0);(0,1);(2,2) | I=(0,0) | sp=882,882,925 | ip=1
0,1,0 | 12,54,8 | S=(0,0);(0,1);(2,2) | I=(0,0) | sp=882,882,883 | ip=882
0,1,0 | 12,54,8 | S=(0,0);(0,1);(2,2) | I=(0,0) | sp=882,882,23 | ip=882
0,1,0 | 12,54,8 | S=(0,0);(0,1);(2,2) | I=(0,0) | sp=882,882,33 | ip=882
0,1,0 | 12,54,8 | S=(0,0);(0,1);(2,2) | I=(0,0) | sp=882,883,883 | ip=1
0,1,0 | 12,54,8 | S=(0,0);(0,1);(2,2) | I=(0,0) | sp=882,883,23 | ip=1
0,1,0 | 12,54,8 | S=(0,0);(0,1);(2,2) | I=(0,0) | sp=882,883,33 | ip=1
0,1,0 | 12,54,8 | S=(0,0);(0,1);(2,2) | I=(0,0) | sp=882,93,882 | ip=1
0,1,0 | 12,54,8 | S=(0,0);(0,1);(2,2) | I=(0,0) | sp=883,1,93 | ip=1
0,1,0 | 12,54,8 | S=(0,0);(0,1);(2,2) | I=(0,0) | sp=883,1,9913 | ip=1
0,1,0 | 12,54,8 | S=(0,0);(0,1);(2,2) | I=(0,0) | sp=883,1,925 | ip=1
0,1,0 | 12,54,8 | S=(0,0);(0,1);(2,2) | I=(0,0) | sp=883,1,883 | ip=882
0,1,0 | 12,54,8 | S=(0,0);(0,1);(2,2) | I=(0,0) | sp=883,1,23 | ip=882
0,1,0 | 12,54,8 | S=(0,0);(0,1);(2,2) | I=(0,0) | sp=883,1,33 | ip=882
0,1,0 | 12,54,8 | S=(0,0);(0,1);(2,2) | I=(0,0) | sp=883,882,883 | ip=1
0,1,0 | 12,54,8 | S=(0,0);(0,1);(2,2) | I=(0,0) | sp=883,882,23 | ip=1
0,1,0 | 12,54,8 | S=(0,0);(0,1);(2,2) | I=(0,0) | sp=883,882,33 | ip=1
0,1,0 | 12,54,8 | S=(0,0);(0,1);(2,2) | I=(0,0) | sp=884,1,883 | ip=1
0,1,0 | 12,54,8 | S=(0,0);(0,1);(2,2) | I=(0,0) | sp=884,1,23 | ip=1
0,1,0 | 12,54,8 | S=(0,0);(0,1);(2,2) | I=(0,0) | sp=884,1,33 | ip=1
0,1,0 | 12,54,8 | S=(0,0);(0,1);(2,2) | I=(0,0) | sp=24,1,883 | ip=1
0,1,0 | 12,54,8 | S=(0,0);(0,1);(2,2) | I=(0,0) | sp=24,1,23 | ip=1
0,1,0 | 12,54,8 | S=(0,0);(0,1);(2,2) | I=(0,0) | sp=24,1,33 | ip=1
0,1,0 | 12,54,8 | S=(0,0);(0,1);(2,2) | I=(0,0) | sp=93,1,924 | ip=1
0,1,0 | 12,54,8 | S=(0,0);(0,1);(2,2) | I=(0,0) | sp=93,1,882 | ip=882
0,1,0 | 12,54,8 | S=(0,0);(0,1);(2,2) | I=(0,0) | sp=93,882,882 | ip=1
0,1,0 | 12,54,8 | S=(0,0);(0,1);(2,2) | I=(0,0) | sp=9912,1,882 | ip=1
0,1,0 | 12,54,8 | S=(0,0);(0,1);(2,2) | I=(0,0) | sp=918,1,97 | ip=1
0,1,0 | 12,54,8 | S=(0,0);(0,1);(2,2) | I=(0,0) | sp=922,1,1 | ip=1
0,1,0 | 12,55,7 | S=(0,0);(0,1);(2,2) | I=(0,0) | sp=1,882,1 | ip=883
0,1,0 | 12,55,7 | S=(0,0);(0,1);(2,2) | I=(0,0) | sp=1,883,1 | ip=882
0,1,0 | 12,55,7 | S=(0,0);(0,1);(2,2) | I=(0,0) | sp=1,884,1 | ip=1
0,1,0 | 12,55,7 | S=(0,0);(0,1);(2,2) | I=(0,0) | sp=1,24,1 | ip=1
0,1,0 | 12,55,7 | S=(0,0);(0,1);(2,2) | I=(0,0) | sp=882,1,1 | ip=883
0,1,0 | 12,55,7 | S=(0,0);(0,1);(2,2) | I=(0,0) | sp=882,882,1 | ip=882
0,1,0 | 12,55,7 | S=(0,0);(0,1);(2,2) | I=(0,0) | sp=882,883,1 | ip=1
0,1,0 | 12,55,7 | S=(0,0);(0,1);(2,2) | I=(0,0) | sp=883,1,1 | ip=882
0,1,0 | 12,55,7 | S=(0,0);(0,1);(2,2) | I=(0,0) | sp=883,882,1 | ip=1
0,1,0 | 12,55,7 | S=(0,0);(0,1);(2,2) | I=(0,0) | sp=884,1,1 | ip=1
0,1,0 | 12,55,7 | S=(0,0);(0,1);(2,2) | I=(0,0) | sp=24,1,1 | ip=1
0,1,0 | 12,55,8 | S=(0,0);(0,1);(2,2) | I=(0,0) | sp=1,1,98 | ip=882
0,1,0 | 12,55,8 | S=(0,0);(0,1);(2,2) | I=(0,0) | sp=1,1,97 | ip=883
0,1,0 | 12,55,8 | S=(0,0);(0,1);(2,2) | I=(0,0) | sp=1,882,98 | ip=1
0,1,0 | 12,55,8 | S=(0,0);(0,1);(2,2) | I=(0,0) | sp=1,882,97 | ip=882
0,1,0 | 12,55,8 | S=(0,0);(0,1);(2,2) | I=(0,0) | sp=1,882,882 | ip=883
0,1,0 | 12,55,8 | S=(0,0);(0,1);(2,2) | I=(0,0) | sp=1,883,97 | ip=1
0,1,0 | 12,55,8 | S=(0,0);(0,1);(2,2) | I=(0,0) | sp=1,883,882 | ip=882
0,1,0 | 12,55,8 | S=(0,0);(0,1);(2,2) | I=(0,0) | sp=1,884,882 | ip=1
0,1,0 | 12,55,8 | S=(0,0);(0,1);(2,2) | I=(0,0) | sp=1,24,882 | ip=1
0,1,0 | 12,55,8 | S=(0,0);(0,1);(2,2) | I=(0,0) | sp=1,93,1 | ip=882
0,1,0 | 12,55,8 | S=(0,0);(0,1);(2,2) | I=(0,0) | sp=1,9912,1 | ip=1
0,1,0 | 12,55,8 | S=(0,0);(0,1);(2,2) | I=(0,0) | sp=882,1,98 | ip=1
0,1,0 | 12,55,8 | S=(0,0);(0,1);(2,2) | I=(0,0) | sp=882,1,97 | ip=882
0,1,0 | 12,55,8 | S=(0,0);(0,1);(2,2) | I=(0,0) | sp=882,1,882 | ip=883
0,1,0 | 12,55,8 | S=(0,0);(0,1);(2,2) | I=(0,0) | sp=882,882,97 | ip=1
0,1,0 | 12,55,8 | S=(0,0);(0,1);(2,2) | I=(0,0) | sp=882,882,882 | ip=882
0,1,0 | 12,55,8 | S=(0,0);(0,1);(2,2) | I=(0,0) | sp=882,883,882 | ip=1
0,1,0 | 12,55,8 | S=(0,0);(0,1);(2,2) | I=(0,0) | sp=882,93,1 | ip=1
0,1,0 | 12,55,8 | S=(0,0);(0,1);(2,2) | I=(0,0) | sp=883,1,97 | ip=1
0,1,0 | 12,55,8 | S=(0,0);(0,1);(2,2) | I=(0,0) | sp=883,1,882 | ip=882
0,1,0 | 12,55,8 | S=(0,0);(0,1);(2,2) | I=(0,0) | sp=883,882,882 | ip=1
0,1,0 | 12,55,8 | S=(0,0);(0,1);(2,2) | I=(0,0) | sp=884,1,882 | ip=1
0,1,0 | 12,55,8 | S=(0,0);(0,1);(2,2) | I=(0,0) | sp=24,1,882 | ip=1
0,1,0 | 12,55,8 | S=(0,0);(0,1);(2,2) | I=(0,0) | sp=93,1,1 | ip=882
0,1,0 | 12,55,8 | S=(0,0);(0,1);(2,2) | I=(0,0) | sp=93,882,1 | ip=1
0,1,0 | 12,55,8 | S=(0,0);(0,1);(2,2) | I=(0,0) | sp=9912,1,1 | ip=1
0,1,0 | 12,55,12 | S=(0,0);(0,1);(2,2) | I=(0,0) | sp=1,882,886 | ip=883
0,1,0 | 12,55,12 | S=(0,0);(0,1);(2,2) | I=(0,0) | sp=1,882,94 | ip=883
0,1,0 | 12,55,12 | S=(0,0);(0,1);(2,2) | I=(0,0) | sp=1,882,996 | ip=883
0,1,0 | 12,55,12 | S=(0,0);(0,1);(2,2) | I=(0,0) | sp=1,882,919 | ip=883
0,1,0 | 12,55,12 | S=(0,0);(0,1);(2,2) | I=(0,0) | sp=1,882,9915 | ip=883
0,1,0 | 12,55,12 | S=(0,0);(0,1);(2,2) | I=(0,0) | sp=1,882,946 | ip=883
0,1,0 | 12,55,12 | S=(0,0);(0,1);(2,2) | I=(0,0) | sp=1,883,886 | ip=882
0,1,0 | 12,55,12 | S=(0,0);(0,1);(2,2) | I=(0,0) | sp=1,883,94 | ip=882
0,1,0 | 12,55,12 | S=(0,0);(0,1);(2,2) | I=(0,0) | sp=1,883,996 | ip=882
0,1,0 | 12,55,12 | S=(0,0);(0,1);(2,2) | I=(0,0) | sp=1,883,919 | ip=882
0,1,0 | 12,55,12 | S=(0,0);(0,1);(2,2) | I=(0,0) | sp=1,883,9915 | ip=882
0,1,0 | 12,55,12 | S=(0,0);(0,1);(2,2) | I=(0,0) | sp=1,883,946 | ip=882
0,1,0 | 12,55,12 | S=(0,0);(0,1);(2,2) | I=(0,0) | sp=1,884,886 | ip=1
0,1,0 | 12,55,12 | S=(0,0);(0,1);(2,2) | I=(0,0) | sp=1,884,94 | ip=1
0,1,0 | 12,55,12 | S=(0,0);(0,1);(2,2) | I=(0,0) | sp=1,884,996 | ip=1
0,1,0 | 12,55,12 | S=(0,0);(0,1);(2,2) | I=(0,0) | sp=1,884,919 | ip=1
0,1,0 | 12,55,12 | S=(0,0);(0,1);(2,2) | I=(0,0) | sp=1,884,9915 | ip=1
0,1,0 | 12,55,12 | S=(0,0);(0,1);(2,2) | I=(0,0) | sp=1,884,946 | ip=1
0,1,0 | 12,55,12 | S=(0,0);(0,1);(2,2) | I=(0,0) | sp=1,24,886 | ip=1
0,1,0 | 12,55,12 | S=(0,0);(0,1);(2,2) | I=(0,0) | sp=1,24,94 | ip=1
0,1,0 | 12,55,12 | S=(0,0);(0,1);(2,2) | I=(0,0) | sp=1,24,996 | ip=1
0,1,0 | 12,55,12 | S=(0,0);(0,1);(2,2) | I=(0,0) | sp=1,24,919 | ip=1
0,1,0 | 12,55,12 | S=(0,0);(0,1);(2,2) | I=(0,0) | sp=1,24,9915 | ip=1
0,1,0 | 12,55,12 | S=(0,0);(0,1);(2,2) | I=(0,0) | sp=1,24,946 | ip=1
0,1,0 | 12,55,12 | S=(0,0);(0,1);(2,2) | I=(0,0) | sp=1,93,885 | ip=882
0,1,0 | 12,55,12 | S=(0,0);(0,1);(2,2) | I=(0,0) | sp=1,93,96 | ip=882
0,1,0 | 12,55,12 | S=(0,0);(0,1);(2,2) | I=(0,0) | sp=1,93,35 | ip=882
0,1,0 | 12,55,12 | S=(0,0);(0,1);(2,2) | I=(0,0) | sp=1,93,45 | ip=882
0,1,0 | 12,55,12 | S=(0,0);(0,1);(2,2) | I=(0,0) | sp=1,93,55 | ip=882
0,1,0 | 12,55,12 | S=(0,0);(0,1);(2,2) | I=(0,0) | sp=1,93,99930 | ip=882
0,1,0 | 12,55,12 | S=(0,0);(0,1);(2,2) | I=(0,0) | sp=1,93,945 | ip=882
0,1,0 | 12,55,12 | S=(0,0);(0,1);(2,2) | I=(0,0) | sp=1,9912,885 | ip=1
0,1,0 | 12,55,12 | S=(0,0);(0,1);(2,2) | I=(0,0) | sp=1,9912,96 | ip=1
0,1,0 | 12,55,12 | S=(0,0);(0,1);(2,2) | I=(0,0) | sp=1,9912,35 | ip=1
0,1,0 | 12,55,12 | S=(0,0);(0,1);(2,2) | I=(0,0) | sp=1,9912,45 | ip=1
0,1,0 | 12,55,12 | S=(0,0);(0,1);(2,2) | I=(0,0) | sp=1,9912,55 | ip=1
0,1,0 | 12,55,12 | S=(0,0);(0,1);(2,2) | I=(0,0) | sp=1,9912,99930 | ip=1
0,1,0 | 12,55,12 | S=(0,0);(0,1);(2,2) | I=(0,0) | sp=1,9912,945 | ip=1
0,1,0 | 12,55,12 | S=(0,0);(0,1);(2,2) | I=(0,0) | sp=1,918,947 | ip=1
0,1,0 | 12,55,12 | S=(0,0);(0,1);(2,2) | I=(0,0) | sp=1,920,883 | ip=1
0,1,0 | 12,55,12 | S=(0,0);(0,1);(2,2) | I=(0,0) | sp=1,921,882 | ip=1
0,1,0 | 12,55,12 | S=(0,0);(0,1);(2,2) | I=(0,0) | sp=1,922,884 | ip=1
0,1,0 | 12,55,12 | S=(0,0);(0,1);(2,2) | I=(0,0) | sp=1,922,24 | ip=1
0,1,0 | 12,55,12 | S=(0,0);(0,1);(2,2) | I=(0,0) | sp=882,1,886 | ip=883
0,1,0 | 12,55,12 | S=(0,0);(0,1);(2,2) | I=(0,0) | sp=882,1,94 | ip=883
0,1,0 | 12,55,12 | S=(0,0);(0,1);(2,2) | I=(0,0) | sp=882,1,996 | ip=883
0,1,0 | 12,55,12 | S=(0,0);(0,1);(2,2) | I=(0,0) | sp=882,1,919 | ip=883
0,1,0 | 12,55,12 | S=(0,0);(0,1);(2,2) | I=(0,0) | sp=882,1,9915 | ip=883
0,1,0 | 12,55,12 | S=(0,0);(0,1);(2,2) | I=(0,0) | sp=882,1,946 | ip=883
0,1,0 | 12,55,12 | S=(0,0);(0,1);(2,2) | I=(0,0) | sp=882,882,886 | ip=882
0,1,0 | 12,55,12 | S=(0,0);(0,1);(2,2) | I=(0,0) | sp=882,882,94 | ip=882
0,1,0 | 12,55,12 | S=(0,0);(0,1);(2,2) | I=(0,0) | sp=882,882,996 | ip=882
0,1,0 | 12,55,12 | S=(0,0);(0,1);(2,2) | I=(0,0) | sp=882,882,919 | ip=882
0,1,0 | 12,55,12 | S=(0,0);(0,1);(2,2) | I=(0,0) | sp=882,882,9915 | ip=882
0,1,0 | 12,55,12 | S=(0,0);(0,1);(2,2) | I=(0,0) | sp=882,882,946 | ip=882
0,1,0 | 12,55,12 | S=(0,0);(0,1);(2,2) | I=(0,0) | sp=882,883,886 | ip=1
0,1,0 | 12,55,12 | S=(0,0);(0,1);(2,2) | I=(0,0) | sp=882,883,94 | ip=1
0,1,0 | 12,55,12 | S=(0,0);(0,1);(2,2) | I=(0,0) | sp=882,883,996 | ip=1
0,1,0 | 12,55,12 | S=(0,0);(0,1);(2,2) | I=(0,0) | sp=882,883,919 | ip=1
0,1,0 | 12,55,12 | S=(0,0);(0,1);(2,2) | I=(0,0) | sp=882,883,9915 | ip=1
0,1,0 | 12,55,12 | S=(0,0);(0,1);(2,2) | I=(0,0) | sp=882,883,946 | ip=1
0,1,0 | 12,55,12 | S=(0,0);(0,1);(2,2) | I=(0,0) | sp=882,93,885 | ip=1
0,1,0 | 12,55,12 | S=(0,0);(0,1);(2,2) | I=(0,0) | sp=882,93,96 | ip=1
0,1,0 | 12,55,12 | S=(0,0);(0,1);(2,2) | I=(0,0) | sp=882,93,35 | ip=1
0,1,0 | 12,55,12 | S=(0,0);(0,1);(2,2) | I=(0,0) | sp=882,93,45 | ip=1
0,1,0 | 12,55,12 | S=(0,0);(0,1);(2,2) | I=(0,0) | sp=882,93,55 | ip=1
0,1,0 | 12,55,12 | S=(0,0);(0,1);(2,2) | I=(0,0) | sp=882,93,99930 | ip=1
0,1,0 | 12,55,12 | S=(0,0);(0,1);(2,2) | I=(0,0) | sp=882,93,945 | ip=1
0,1,0 | 12,55,12 | S=(0,0);(0,1);(2,2) | I=(0,0) | sp=883,1,886 | ip=882
0,1,0 | 12,55,12 | S=(0,0);(0,1);(2,2) | I=(0,0) | sp=883,1,94 | ip=882
0,1,0 | 12,55,12 | S=(0,0);(0,1);(2,2) | I=(0,0) | sp=883,1,996 | ip=882
0,1,0 | 12,55,12 | S=(0,0);(0,1);(2,2) | I=(0,0) | sp=883,1,919 | ip=882
0,1,0 | 12,55,12 | S=(0,0);(0,1);(2,2) | I=(0,0) | sp=883,1,9915 | ip=882
0,1,0 | 12,55,12 | S=(0,0);(0,1);(2,2) | I=(0,0) | sp=883,1,946 | ip=882
0,1,0 | 12,55,12 | S=(0,0);(0,1);(2,2) | I=(0,0) | sp=883,882,886 | ip=1
0,1,0 | 12,55,12 | S=(0,0);(0,1);(2,2) | I=(0,0) | sp=883,882,94 | ip=1
0,1,0 | 12,55,12 | S=(0,0);(0,1);(2,2) | I=(0,0) | sp=883,882,996 | ip=1
0,1,0 | 12,55,12 | S=(0,0);(0,1);(2,2) | I=(0,0) | sp=883,882,919 | ip=1
0,1,0 | 12,55,12 | S=(0,0);(0,1);(2,2) | I=(0,0) | sp=883,882,9915 | ip=1
0,1,0 | 12,55,12 | S=(0,0);(0,1);(2,2) | I=(0,0) | sp=883,882,946 | ip=1
0,1,0 | 12,55,12 | S=(0,0);(0,1);(2,2) | I=(0,0) | sp=884,1,886 | ip=1
0,1,0 | 12,55,12 | S=(0,0);(0,1);(2,2) | I=(0,0) | sp=884,1,94 | ip=1
0,1,0 | 12,55,12 | S=(0,0);(0,1);(2,2) | I=(0,0) | sp=884,1,996 | ip=1
0,1,0 | 12,55,12 | S=(0,0);(0,1);(2,2) | I=(0,0) | sp=884,1,919 | ip=1
0,1,0 | 12,55,12 | S=(0,0);(0,1);(2,2) | I=(0,0) | sp=884,1,9915 | ip=1
0,1,0 | 12,55,12 | S=(0,0);(0,1);(2,2) | I=(0,0) | sp=884,1,946 | ip=1
0,1,0 | 12,55,12 | S=(0,0);(0,1);(2,2) | I=(0,0) | sp=24,1,886 | ip=1
0,1,0 | 12,55,12 | S=(0,0);(0,1);(2,2) | I=(0,0) | sp=24,1,94 | ip=1
0,1,0 | 12,55,12 | S=(0,0);(0,1);(2,2) | I=(0,0) | sp=24,1,996 | ip=1
0,1,0 | 12,55,12 | S=(0,0);(0,1);(2,2) | I=(0,0) | sp=24,1,919 | ip=1
0,1,0 | 12,55,12 | S=(0,0);(0,1);(2,2) | I=(0,0) | sp=24,1,9915 | ip=1
0,1,0 | 12,55,12 | S=(0,0);(0,1);(2,2) | I=(0,0) | sp=24,1,946 | ip=1
0,1,0 | 12,55,12 | S=(0,0);(0,1);(2,2) | I=(0,0) | sp=93,1,885 | ip=882
0,1,0 | 12,55,12 | S=(0,0);(0,1);(2,2) | I=(0,0) | sp=93,1,96 | ip=882
0,1,0 | 12,55,12 | S=(0,0);(0,1);(2,2) | I=(0,0) | sp=93,1,35 | ip=882
0,1,0 | 12,55,12 | S=(0,0);(0,1);(2,2) | I=(0,0) | sp=93,1,45 | ip=882
0,1,0 | 12,55,12 | S=(0,0);(0,1);(2,2) | I=(0,0) | sp=93,1,55 | ip=882
0,1,0 | 12,55,12 | S=(0,0);(0,1);(2,2) | I=(0,0) | sp=93,1,99930 | ip=882
0,1,0 | 12,55,12 | S=(0,0);(0,1);(2,2) | I=(0,0) | sp=93,1,945 | ip=882
0,1,0 | 12,55,12 | S=(0,0);(0,1);(2,2) | I=(0,0) | sp=93,882,885 | ip=1
0,1,0 | 12,55,12 | S=(0,0);(0,1);(2,2) | I=(0,0) | sp=93,882,96 | ip=1
0,1,0 | 12,55,12 | S=(0,0);(0,1);(2,2) | I=(0,0) | sp=93,882,35 | ip=1
0,1,0 | 12,55,12 | S=(0,0);(0,1);(2,2) | I=(0,0) | sp=93,882,45 | ip=1
0,1,0 | 12,55,12 | S=(0,0);(0,1);(2,2) | I=(0,0) | sp=93,882,55 | ip=1
0,1,0 | 12,55,12 | S=(0,0);(0,1);(2,2) | I=(0,0) | sp=93,882,99930 | ip=1
0,1,0 | 12,55,12 | S=(0,0);(0,1);(2,2) | I=(0,0) | sp=93,882,945 | ip=1
0,1,0 | 12,55,12 | S=(0,0);(0,1);(2,2) | I=(0,0) | sp=9912,1,885 | ip=1
0,1,0 | 12,55,12 | S=(0,0);(0,1);(2,2) | I=(0,0) | sp=9912,1,96 | ip=1
0,1,0 | 12,55,12 | S=(0,0);(0,1);(2,2) | I=(0,0) | sp=9912,1,35 | ip=1
0,1,0 | 12,55,12 | S=(0,0);(0,1);(2,2) | I=(0,0) | sp=9912,1,45 | ip=1
0,1,0 | 12,55,12 | S=(0,0);(0,1);(2,2) | I=(0,0) | sp=9912,1,55 | ip=1
0,1,0 | 12,55,12 | S=(0,0);(0,1);(2,2) | I=(0,0) | sp=9912,1,99930 | ip=1
0,1,0 | 12,55,12 | S=(0,0);(0,1);(2,2) | I=(0,0) | sp=9912,1,945 | ip=1
0,1,0 | 12,55,12 | S=(0,0);(0,1);(2,2) | I=(0,0) | sp=918,1,947 | ip=1
0,1,0 | 12,55,12 | S=(0,0);(0,1);(2,2) | I=(0,0) | sp=920,1,883 | ip=1
0,1,0 | 12,55,12 | S=(0,0);(0,1);(2,2) | I=(0,0) | sp=921,1,882 | ip=1
0,1,0 | 12,55,12 | S=(0,0);(0,1);(2,2) | I=(0,0) | sp=922,1,884 | ip=1
0,1,0 | 12,55,12 | S=(0,0);(0,1);(2,2) | I=(0,0) | sp=922,1,24 | ip=1
